1976	[51.844808743169374, 61.554520547945216, 41.604918032786856, 6.568032786885243]
1987	[54.39780821917812, 63.630958904109605, 44.47561643835616, 6.6342465753424635]
1990	[56.36082191780821, 66.60301369863018, 45.05397260273972, 6.033150684931512]
1998	[55.61013698630136, 65.17369863013693, 45.41178082191784, 5.248219178082192]
2001	[54.89616438356163, 64.83643835616432, 43.84191780821918, 6.078630136986298]
1977	[53.17068493150683, 63.201643835616416, 42.765479452054805, 6.584657534246577]
1980	[52.64972677595624, 62.42295081967212, 41.76229508196723, 6.3860655737704874]
1988	[54.92225433526008, 64.88376811594206, 44.15913043478261, 6.421676300578036]
1991	[54.97945205479453, 64.23863013698634, 44.27232876712327, 6.094794520547943]
1999	[55.482142857142854, 65.67142857142862, 44.79203296703298, 5.332967032967031]
2002	[55.406849315068534, 65.59205479452058, 44.401369863013706, 6.125753424657537]
1978	[53.28136986301366, 63.675068493150675, 42.414794520547936, 6.577260273972604]
1981	[54.89479452054799, 64.39506849315069, 43.810958904109576, 7.188767123287671]
1989	[56.894520547945184, 67.50493150684932, 44.93424657534243, 6.4780821917808185]
1992	[54.790163934426225, 64.70710382513658, 44.127671232876715, 6.295628415300541]
2003	[54.906301369862994, 64.53945205479447, 44.56465753424657, 5.684657534246577]
1946	[55.893972602739694, 65.45479452054795, 44.17835616438336, 43.875616438356104]
1957	[52.37983193277309, 62.128851540616246, 41.76190476190476, 9.78679775280899]
1960	[53.8991803278689, 64.13387978142076, 42.967213114754095, 8.849180327868845]
1979	[52.638904109589014, 62.73808219178082, 41.67561643835618, 6.286301369863009]
1982	[55.67479452054796, 65.46876712328773, 44.67726027397263, 6.593698630136987]
1993	[55.125205479452, 64.87835616438363, 44.35589041095891, 6.282191780821924]
2004	[55.58306010928962, 65.8898907103825, 44.883879781420795, 6.464207650273232]
1958	[53.723835616438315, 63.47671232876712, 43.1945205479452, 9.855616438356167]
1961	[55.292054794520524, 65.52602739726028, 44.23561643835617, 11.441095890410962]
1983	[56.278082191780825, 65.83452054794522, 45.11534246575339, 7.04246575342465]
1994	[56.32684931506852, 66.114794520548, 45.769041095890444, 6.245753424657531]
2005	[55.307123287671196, 65.40493150684928, 44.609315068493125, 6.786575342465752]
1959	[54.031043956044016, 63.36538461538461, 43.650137741046834, 10.236813186813174]
1962	[54.54027397260273, 65.44109589041096, 42.323287671232876, 13.792602739726016]
1973	[53.35994475138122, 63.1370165745856, 42.76022099447513, 9.086740331491715]
1984	[54.14098360655737, 63.13633879781419, 43.25218579234971, 6.99043715846995]
1995	[55.99616438356164, 65.49863013698635, 45.25890410958904, 6.432876712328763]
2006	[55.92027397260275, 65.63150684931502, 45.72301369863019, 6.018356164383554]
1963	[54.386301369863034, 65.01917808219179, 42.673972602739724, 12.634794520547953]
1974	[52.46602739726027, 63.07835616438358, 41.08876712328765, 8.259178082191779]
1985	[53.329315068493145, 61.81205479452051, 43.248219178082195, 6.741095890410968]
1996	[54.810109289617465, 64.07459016393446, 44.61338797814207, 6.08469945355191]
2007	[56.75109890109893, 66.62802197802203, 46.79999999999999, 6.170329670329666]
1964	[52.97267759562843, 61.92622950819672, 43.17213114754098, 9.80245901639344]
1975	[54.382967032967066, 65.1763736263737, 43.06208791208789, 7.517582417582414]
1986	[54.34164383561646, 63.816438356164305, 43.53150684931507, 7.132602739726033]
1997	[55.14301369863013, 65.35808219178078, 44.192876712328754, 5.749863013698631]
2000	[54.75327868852463, 64.91857923497267, 43.858469945355196, 5.804644808743167]
2008	[54.86557377049177, 65.42759562841538, 44.73360655737704, 5.678142076502734]
