1929	[49.23825084094188, 64.18491110043254, 49.416770783277315, 8.4027390677558]
1932	[49.819760314701384, 77.61693349190477, 60.44555850334013, 13.879562711553366]
1943	[56.93671154042857, 82.00371220323413, 58.01855212087217, 45.766336228603805]
1954	[51.64649601777846, 74.2509071041385, 53.83648506007071, 74.25590012394247]
1965	[51.99074665438104, 72.51314502352494, 55.72457282417505, 50.81638351307216]
1976	[49.5778438008817, 89.03651997091119, 71.21936243943473, 38.39787587505471]
1987	[50.53565222585128, 71.9932223730254, 55.44044594693645, 68.42077700026732]
1990	[52.20821135992918, 71.4864831217223, 53.751468841170194, 84.60169207069495]
1998	[55.273543196516236, 72.52912658541355, 56.29019064860556, 136.92132932340067]
2001	[54.5587691190725, 71.2769443887867, 53.58083244787433, 149.87068418307496]
2009	[51.551422071161426, 74.05143972466702, 52.32150194767451, 245.3110982491202]
1933	[44.92458899605448, 78.78806992547162, 56.34749561595862, 85.87272577816641]
1944	[59.18166693081944, 71.65954589991172, 52.278462951611665, 108.61766537018535]
1955	[50.37858122132988, 75.21141682460443, 55.709049951292094, 68.42246896046044]
1966	[50.98396109026938, 70.08844798347681, 54.21716861136112, 49.569818416077126]
1977	[51.07680606172147, 88.264603111778, 73.52194403767898, 40.43915324646796]
1980	[50.51518832046205, 85.76849935222177, 69.27276681994914, 39.10992680879922]
1988	[51.153280987101404, 75.84099515548314, 55.560902770946626, 68.09333083557857]
1991	[51.90938043382186, 70.66301122528522, 54.51307670909996, 101.18587878835956]
1999	[54.957431644545956, 72.76300713291904, 54.66476524566928, 137.11899717983744]
2002	[54.45740609927327, 72.65856539638239, 54.139170228568155, 177.69714208729192]
1934	[45.34560145343279, 79.10622489959911, 56.04111206731694, 66.20012430674994]
1945	[59.906978792522764, 72.68525275878447, 53.141555901415785, 96.2311839886897]
1956	[49.03209572896116, 73.85671679654759, 55.61558709020732, 65.83540396343537]
1967	[51.683562606995274, 68.81104151374068, 52.4076470408223, 52.22214462576005]
1970	[40.923609789297714, 64.81114302681789, 49.835170412884736, 52.56827729806102]
1978	[50.81154796307742, 84.02485812618217, 70.08893092569117, 44.432937944202]
1981	[51.41034250343073, 85.29823005785164, 70.45182324704157, 44.50212563960479]
1989	[51.662029645629495, 76.77086710655382, 56.2367873171011, 74.46475477373387]
1992	[52.48346384477171, 73.06657410950373, 58.07699263251934, 110.34323323549619]
2003	[54.45943198673785, 72.37665443141654, 53.295790028602404, 186.49393848483817]
1935	[49.250045692144546, 86.52585078773173, 66.73498190591104, 49.47600248565248]
1946	[56.641471722721334, 69.80575327455952, 52.07419663669752, 100.7838085526038]
1957	[51.60008283604746, 73.81213350892905, 56.14999167935157, 60.76710447311903]
1960	[50.58223765037456, 75.91074286661394, 60.43945985870191, 66.99162049144851]
1968	[50.25889394983597, 70.57444937214932, 54.860135047375465, 56.36771115299646]
1971	[40.02522805104995, 64.88904429385097, 50.05868177752118, 74.25427522442112]
1979	[51.10950076434199, 84.76139923615762, 70.59207838484642, 50.11803881361368]
1982	[51.76920873197674, 72.49647991014345, 56.71726739400054, 52.917436823809105]
1993	[52.34382550566069, 78.06775911827758, 61.5653634059781, 114.56384126475226]
2004	[54.28162893920682, 73.20276742781361, 54.12959121937322, 198.23854704519184]
1936	[47.513271028037636, 122.50380257009401, 96.69750584112137, 27.92573014018623]
1947	[55.128788851258825, 68.45827620586829, 50.54330379089872, 89.23524949476672]
1950	[48.7254763368147, 75.5956898691909, 51.542353171039224, 88.13562950527472]
1958	[51.33096697342952, 73.75820351108943, 57.189282435177844, 68.90630234157125]
1961	[51.538457291790714, 72.06630003168529, 55.20382846210547, 67.87114943878034]
1969	[40.33177367564504, 62.50491264453441, 48.51407888049461, 49.70963063831474]
1972	[55.2625375211214, 72.02440960144024, 50.513046913827694, 157.41911788080515]
1983	[51.68461867736786, 69.36840368657832, 52.566762442617446, 50.4673672799635]
1994	[53.45936377679633, 76.56360212424714, 58.92796667331725, 124.54635419945541]
2005	[54.50287366085116, 74.3716527455149, 56.09965422921704, 220.35558618803472]
1937	[44.559853026038866, 109.33687303475766, 81.05865768492545, 37.10642422242955]
1940	[48.06636065790025, 81.09208298517763, 63.15862175117263, 61.29581555917965]
1948	[50.722688684181, 74.86011868397287, 54.40014076004443, 68.94352284734472]
1951	[50.19698612319948, 73.62543266196744, 51.29717261458319, 72.97382597461437]
1959	[49.44282391108934, 76.85520473463025, 61.51583230963476, 64.7642945216769]
1962	[51.19707862136256, 71.64746926826545, 55.021712705185365, 66.03446236486154]
1973	[50.40197353964167, 85.71752439844107, 76.56448462541539, 37.909857936971406]
1984	[50.52269841568828, 68.95462268751739, 52.27018334087612, 52.835181320796536]
1995	[54.01121601429669, 73.3155657500996, 58.18492042678403, 128.14984018098704]
2006	[54.743401413714906, 76.82825633783604, 58.18673923847506, 229.08297345158135]
1930	[49.857282086478975, 63.19191489361685, 49.58426904598496, 12.233026767330037]
1938	[50.78624402835591, 119.5478347973486, 91.23064224070995, 8.735538989059576]
1941	[49.959148098434255, 96.00317583894362, 76.8053127516819, 86.85261655483527]
1949	[50.611338382355314, 75.67072237760881, 54.92361441864112, 75.29652390216638]
1952	[50.28314905520653, 73.33319346271074, 54.35828967917735, 79.86753584941474]
1963	[50.78209613575217, 71.1250328422717, 53.759303364350984, 63.25371234702419]
1974	[49.37912691735226, 90.22248682525107, 79.0530639389712, 36.27285368103291]
1985	[50.01372445569849, 67.87290666074108, 51.40069484285414, 62.32238512020887]
1996	[53.271941154853266, 72.58230701935734, 56.480874766355775, 127.88360366607125]
2007	[54.655311971565844, 75.9861600538021, 57.2677189912687, 235.161086694133]
1931	[49.614375063048605, 69.26677090689019, 57.42168869161728, 11.966407747402021]
1939	[50.278370144707004, 121.48424828636654, 100.2650647372386, 48.45090632139525]
1942	[53.610537017690326, 81.30288456824964, 60.75600437524529, 110.1046122240654]
1953	[51.74052126331243, 73.10984559000376, 54.573407786944216, 96.30573376429064]
1964	[51.73521761689354, 70.90284564923748, 53.70618067067292, 68.11220008375464]
1975	[50.3312326390086, 87.18995802779678, 72.64946352625209, 35.672839978950414]
1986	[50.617256320507934, 70.82999466537092, 51.87406100349186, 66.32448120794155]
1997	[54.22785816412833, 70.74739681823263, 54.371798744855, 129.27853420702203]
2000	[54.6787172150137, 72.55668860383, 54.70995451857099, 144.06567299005857]
2008	[53.96612867558243, 74.08083263262864, 55.842249522051326, 244.79335240313273]
