1932	[49.48271842789712, 75.61482516135358, 58.081283113381375, 14.165774010210084]
1943	[56.837275096601964, 82.79626922008876, 58.01074504921125, 45.4824922516865]
1954	[51.423074823728726, 76.41905875271047, 55.50817310132147, 22.36234504337112]
1965	[50.134919020706235, 72.94722668487998, 56.78964237478915, 13.725393470016789]
1976	[49.20251881753847, 81.04642604295468, 63.79176281227775, 17.881086266500755]
1987	[50.23816729198935, 66.6162364492874, 51.77212696768688, 18.60192429015973]
1990	[52.064900243119794, 70.10397654729951, 52.07650962087286, 19.43245023120043]
1998	[55.707123088303305, 73.00979121828483, 56.66491836463977, 19.07956323657488]
2001	[54.98981481395898, 71.05522199564626, 53.126383757881044, 18.627716855895965]
1933	[48.2366630395358, 84.34533913674356, 62.23499455930421, 22.594523032282176]
1944	[58.761806994260745, 71.15244121344661, 51.54815644016575, 50.14214124098769]
1955	[51.99590834272567, 75.85353285231471, 54.13015067703512, 20.27597873746173]
1966	[49.15176149550434, 70.10053245277061, 54.992605991380834, 13.728045876825515]
1977	[51.947357835189784, 81.93776126774465, 68.21513783154553, 17.876641319356338]
1980	[50.093731887768165, 80.24985712938357, 64.47881826669432, 16.405532521402016]
1988	[50.9453428293499, 66.63559989083225, 50.67827940471915, 18.89372514667979]
1991	[52.30075885845444, 69.9347640595993, 53.38543016463012, 18.431906357435086]
1999	[55.20457142619639, 73.22515804421349, 54.67884804875619, 19.384433522693293]
2002	[55.0158373416866, 72.24763044622449, 53.44391916314629, 18.89831895201231]
1934	[48.97082592643262, 85.87646656638898, 59.61807739641755, 20.984431833719963]
1945	[58.8465454043926, 72.02993629238118, 51.93365585073866, 41.82884567441856]
1956	[52.201961256641646, 77.14720036102301, 55.35353236596737, 18.926315661090992]
1967	[49.988845200590085, 67.49924440299432, 52.37634199754807, 13.370315524735863]
1970	[37.81082292647977, 61.27062632244073, 46.63218535667816, 19.5524170824056]
1978	[50.54592844721383, 80.49482368828404, 66.32533744255889, 17.228445333724345]
1981	[50.83278918355965, 81.23507612292045, 66.14337956392711, 18.111782196965887]
1989	[51.44196616468061, 70.75284450023717, 52.05949224369707, 18.257952171198205]
1992	[52.86261801431608, 70.39090398416737, 55.68110480345421, 19.055557118542026]
2003	[54.99476241113185, 71.84278757561879, 53.10951331901306, 19.55384843800156]
1935	[49.997981165391195, 82.25825191289036, 61.84988816951151, 12.124426133019027]
1946	[53.53245974329023, 65.34388214700556, 48.4598529754452, 17.141714119018914]
1957	[53.65520931519466, 75.73837276527927, 57.461760411771756, 23.34736829083293]
1960	[50.29945483211849, 74.40529006836965, 58.778855837927466, 16.343357780410564]
1968	[47.98263775966581, 70.52155823377802, 56.586594233000326, 13.40357760902824]
1971	[55.94245841241513, 79.98383759441467, 61.98225100168433, 11.628547504745288]
1979	[50.64245807829776, 80.09357104156605, 65.59387628460671, 17.85407709071871]
1982	[51.79148737576943, 69.25589815607802, 52.79114724208366, 18.125094485968365]
1993	[52.78225178279787, 73.80695911036192, 57.067674705437504, 20.77204394215208]
2004	[55.030963559032806, 71.48626657775976, 52.74430591603785, 19.041684571894713]
1936	[48.149282197460224, 114.17667789582624, 97.04550401658328, 16.404949468775374]
1947	[52.86727621951853, 66.87667693037935, 48.2295545676536, 17.057668584100096]
1950	[49.27699194344364, 78.06050594027575, 53.19329377325444, 36.14504569238612]
1958	[53.646614394259764, 76.23705391559724, 59.20136543608645, 21.429340934516436]
1961	[50.45114570818116, 71.27193924596348, 54.534771489513616, 17.919481123188383]
1969	[37.198851155120565, 58.078079962875066, 44.59728609203666, 18.884863625415413]
1972	[54.31514308763579, 74.52883831521022, 52.203538977579555, 13.652657948370223]
1983	[51.686622548640834, 67.28407483391265, 50.05593382990506, 17.825626740384187]
1994	[54.05019839437293, 73.75110228263307, 55.12471317896246, 21.36204571211924]
2005	[55.1724446259308, 72.33980781031927, 54.18754193997552, 18.027387634869893]
1937	[44.65790339833805, 99.01651855508831, 76.54180860692509, 21.360388381466734]
1940	[47.26893434643521, 77.3272804278254, 59.52630061822004, 16.563116173810084]
1948	[53.756629437457214, 74.71207164429322, 54.62378418785042, 18.14446911733907]
1951	[50.95054550889231, 74.53906280543623, 52.09155620453628, 34.89738109747608]
1959	[50.10642527060051, 74.66834459900062, 59.81384245635807, 17.93256037112528]
1962	[50.40145456689762, 70.52002945075094, 53.786923278207055, 17.263845923766947]
1973	[49.95921232956255, 80.2412689844051, 69.07210933787317, 20.242060331243405]
1984	[50.33110848186266, 66.4319993090227, 49.376563810363535, 17.168558859985566]
1995	[54.75864546582392, 71.02843326878795, 55.531411127787074, 20.262108796142066]
2006	[55.51828993782273, 76.00536775558176, 57.31136635075451, 18.259884292249126]
1930	[49.60491274380413, 60.59759495527193, 49.59150901891774, 12.310074791024887]
1938	[50.63918274537516, 107.26051481300983, 87.39821404917528, 8.64318071438107]
1941	[48.04130784708264, 98.61409827386369, 78.65610293339445, 17.285894313244484]
1949	[51.74541633415791, 73.82156987154062, 54.06938820022299, 23.519709639203384]
1952	[49.24367375858683, 74.93252586006439, 57.73829245363398, 28.514710511211632]
1963	[49.87497741397259, 70.20936586480575, 53.50851522035761, 15.877106974340307]
1974	[48.928500065891214, 84.02098601686717, 70.8665236999869, 19.193413269473247]
1985	[49.68026255084708, 65.98199095171404, 49.365466961065245, 17.94369816773185]
1996	[54.21690919543298, 72.42208810034884, 55.50164277145452, 20.005444970444906]
2007	[55.6604155047761, 74.54634627714967, 56.264607256719245, 18.653306604705705]
1931	[48.74566021318254, 69.45005438329369, 57.76084402871405, 12.311681531433129]
1939	[50.1200793213222, 118.13270492823673, 96.13691287103927, 11.783993455103058]
1942	[52.2134038686227, 79.63375679235418, 60.00818234082853, 34.432127556973306]
1953	[53.21786083709187, 77.86182554241483, 58.95749764543, 19.978982798796707]
1964	[50.50613610913706, 70.6719174622479, 54.55583572184061, 15.801377542157843]
1975	[49.59983136168297, 81.8635190606098, 66.25777514961294, 19.265507920471634]
1986	[50.39273086660018, 69.40253109406693, 50.17965360838901, 18.040472923384726]
1997	[54.837986689982344, 71.63038434942146, 54.80822342141835, 20.35894285772822]
2000	[55.237399081716944, 73.3691750503314, 55.36016691467709, 17.485462350422402]
2008	[55.28931458996381, 73.8422700040674, 55.61056752055778, 18.202733446945544]
