1932	[49.48271842789712, 55.498030888032055, 43.69508971638077, 9.203223932616737]
1943	[56.837275096601964, 66.40304045893312, 48.24695729695168, 43.408309760472484]
1954	[51.423074823728726, 60.14280492620182, 43.210153162326044, 12.070544099114725]
1965	[50.134919020706235, 58.65720559695785, 41.61032880616357, 12.070662335645084]
1976	[49.20251881753916, 57.995255042281066, 40.282748892851764, 13.154130620347125]
1987	[50.23816729199052, 58.76986710685508, 41.54383558798333, 12.23136097118376]
1990	[52.06490024311462, 60.86238688460499, 43.32954828599699, 12.353714045879537]
1998	[55.707123088302836, 64.36663364247225, 47.16221429974541, 10.920191474365682]
2001	[54.98981481395616, 64.09672898575536, 46.06353599056392, 10.638353748302869]
1933	[48.2366630395358, 54.76605064027944, 41.28469758650764, 7.841384388806618]
1944	[58.76180699426088, 68.40272599670674, 50.64577713922899, 49.020982226110625]
1955	[51.99590834272567, 60.75432653724261, 43.65445408274757, 12.542793970660275]
1966	[49.15176149550434, 57.76275271877237, 40.49512654515763, 12.577010958120201]
1977	[51.947357835190296, 60.58613173330367, 43.28591374383476, 12.699660729020929]
1980	[50.093731887768165, 58.84481728480617, 41.334499167650534, 12.391732412246819]
1988	[50.9453428293498, 59.66116046966268, 42.188168869643775, 12.36034854660501]
1991	[52.30075885845526, 60.84322925487898, 43.8867818707316, 12.150165773915118]
1999	[55.20457142619879, 64.22334189374939, 46.358777313828206, 10.944947235040901]
2002	[55.01583734168371, 64.20976273959657, 45.98730874185468, 10.581101216145383]
1934	[48.97082592643262, 55.96170621313972, 41.916205479451584, 7.4128864550114475]
1945	[58.8465454043926, 68.18404831158402, 50.825370830213394, 41.498392163544615]
1956	[52.201961256641646, 60.87274140546177, 44.03014317119046, 12.73457698160488]
1967	[49.988845200590326, 58.572619529984046, 41.37567020490421, 12.500708632912696]
1970	[37.81082292647977, 46.58599126941019, 28.630412947946876, 15.232455120711348]
1978	[50.54592844721343, 59.224144161592676, 41.87926099124304, 12.622980215543077]
1981	[50.83278918356422, 59.54729823444945, 42.07653542935431, 12.442460783742224]
1989	[51.44196616467672, 60.30966423816579, 42.685528452262695, 12.283767482677824]
1992	[52.86261801431404, 61.379693943853304, 44.385120834861226, 12.09175239655136]
2003	[54.99476241112897, 64.2986509556384, 45.848722720633916, 10.532023993932828]
1935	[49.997981165391195, 56.507264251151035, 43.096638754570215, 8.916415707114986]
1946	[53.53245974329023, 62.096992016038406, 45.90456826718509, 15.913165796268299]
1957	[53.65520931519222, 62.45927055574658, 45.301824639987025, 13.779456075314293]
1960	[50.29945483211849, 59.15717282485236, 41.68666768773481, 13.00097889617451]
1968	[47.982637759666574, 56.45350482455364, 39.4917067742594, 12.595000879044004]
1971	[55.94245841241513, 64.45450445411706, 48.27937566766637, 11.334232959833617]
1979	[50.64245807829732, 59.398131216165105, 41.871206053395404, 12.379704422314108]
1982	[51.79148737576376, 60.397783094597884, 43.14582106082124, 12.211399664387928]
1993	[52.78225178279879, 61.36762387078708, 44.25102455044028, 12.111761904528763]
2004	[55.03096355903378, 64.18626588969, 46.06219794838546, 10.481864951921558]
1936	[48.149282197460224, 55.162819008888896, 40.78515063066839, 7.065772883040565]
1947	[52.86727621951853, 61.760162851270984, 45.174234441189085, 15.127181191408829]
1950	[49.27699194344249, 58.72520977117232, 40.36153995644336, 13.560030090687091]
1958	[53.646614394259764, 62.80633843748699, 45.05667508264876, 13.088280699805047]
1961	[50.451145708179354, 59.46161679838761, 41.5347773845284, 13.234814710922087]
1969	[37.19885115512049, 45.894402625439206, 28.24014150121786, 14.89562565043487]
1972	[54.31514308763579, 63.13733900106012, 46.498251800241, 13.652657948370223]
1983	[51.686622548644515, 60.20753967256598, 43.06052847520671, 12.482324636325]
1994	[54.05019839437212, 62.88951136468615, 45.24542346956196, 12.116913478614384]
2005	[55.17244462592763, 64.43620541999361, 46.14534511199886, 10.149872767545427]
1937	[44.65790339833805, 52.08643453578102, 36.781151637819534, 7.160502260870549]
1940	[47.26893434643521, 54.31703119851049, 39.50401200941677, 16.47608420786273]
1948	[53.756629437457214, 63.42492571371345, 45.13972506271282, 14.446816978074668]
1951	[50.95054550889301, 60.217027474137964, 42.20823737010004, 13.139019573259613]
1959	[50.1064252705995, 58.927923161736665, 41.65274474501208, 13.210749919664302]
1962	[50.40145456689335, 59.51321056218014, 41.27054103397817, 12.986343954651119]
1973	[49.95921232956247, 58.58477586739447, 41.24446969214134, 13.252614284334236]
1984	[50.3311084818609, 58.819684971123834, 41.74174645727073, 12.416629874654333]
1995	[54.75864546582334, 63.469330912229786, 46.11300308420229, 11.801373363249757]
2006	[55.51828993782436, 64.79709704446172, 46.52578179676452, 10.046199257109869]
1930	[49.60491274380413, 54.76381511371958, 45.211971830985945, 7.214902712264393]
1938	[50.63918274537516, 57.21565564676938, 43.2176064926717, 8.446194440151757]
1941	[48.04130784708264, 54.90794873158076, 40.89985968193293, 17.192233719190476]
1949	[51.74541633415791, 61.35830587213025, 42.964944621988174, 14.31599479648104]
1952	[49.24367375858683, 58.08496295939674, 40.92668807875511, 12.045304790167549]
1963	[49.87497741397259, 59.02602565315983, 40.613824292013874, 13.363647600278968]
1974	[48.92850006589277, 57.51437968215062, 40.227574398094106, 13.184666235427596]
1985	[49.68026255084669, 58.23612731182487, 41.04360321054968, 12.407368631842033]
1996	[54.21690919542756, 62.855912562819064, 45.635375985697905, 11.270913658966963]
2007	[55.660415504775415, 64.96556019991472, 46.66210649432843, 10.072112157921879]
1931	[48.74566021318254, 54.30557734204805, 43.683095523363086, 9.294828714815461]
1939	[50.1200793213222, 56.591606864824406, 42.83374995529422, 10.287968009690555]
1942	[52.2134038686227, 60.64777769518859, 44.1294659607837, 33.35661703272428]
1953	[53.21786083709187, 62.03191289358031, 45.04152039242302, 12.358535269423934]
1964	[50.50613610913706, 59.35579249061331, 41.70588021411364, 12.850577080439596]
1975	[49.59983136168297, 58.29155352172774, 40.73929158459678, 13.45410172141587]
1986	[50.392730866603905, 59.0261787233905, 41.72620313050552, 12.388895715437409]
1997	[54.83798668997731, 63.49558136201841, 46.23261706401775, 11.24552723924005]
2000	[55.237399081717946, 64.32228465762489, 46.367257844665346, 10.662462842194016]
2008	[55.289314589968996, 64.58251791142251, 46.28313124242166, 10.030195097356]
