1931, 12,28.664516129032258, 16.841935483870973
1931, 1,30.351612903225806, 35.335483870967735
1931, 9,63.126666666666665, 32.10333333333334
1932, 11,42.192499999999995, 27.7125
1932, 2,28.7, 17.74137931034483
1933, 10,62.827586206896534, 16.71896551724137
1933, 3,52.1709677419355, 23.362903225806466
1934, 4,64.435, 17.77166666666666
1935, 5,59.540322580645125, 40.276612903225825
1936, 6,71.82333333333335, 19.791333333333355
1937, 7,76.6751968503937, 15.903543307086597
1938, 8,76.45076923076921, 17.052461538461554
1939, 12,46.77468354430382, 41.62025316455714
1939, 1,42.038102643856924, 14.245878693623617
1939, 9,72.42485481997673, 30.422880371660867
1940, 7,77.3029209621993, 76.5510309278346
1941, 8,74.69820273184745, 73.70517613227844
1942, 12,43.16321258073568, 43.72316764953598
1942, 1,39.26739695506875, 53.73791310805729
1942, 9,70.34661764705893, 62.51058823529279
1943, 11,48.27623012869055, 40.49978551602328
1943, 2,44.81963084623795, 50.56912247771037
1944, 10,58.677096562294544, 44.77500547405414
1944, 3,45.61556334940819, 38.08832748794419
1945, 4,54.3919343891401, 55.5738687782826
1946, 5,58.631062670299784, 15.371934604904705
1947, 6,69.24358241758232, 17.434417582417623
1948, 7,73.58033939764577, 17.1818682158689
1949, 8,72.93354586291845, 17.176119402984924
1950, 6,70.42871361785555, 18.307027597647163
1951, 7,75.35803926953172, 16.919236578332793
1952, 8,74.61726637669709, 16.858178463160367
1953, 12,37.72866517915741, 14.135844599028596
1953, 1,39.25355531971343, 14.583045900769228
1953, 9,68.09594666666663, 16.091666666666264
1954, 11,47.168839897835575, 14.235206344938474
1954, 2,41.919021739130585, 14.148698512585737
1955, 10,57.11975394939191, 15.00693415350176
1955, 3,45.09685849318873, 14.543480678342862
1956, 4,52.69560424028288, 15.081978798586348
1957, 5,62.74171405361503, 15.866355266720578
1958, 6,70.57328178694183, 16.817812142038658
1959, 7,74.02788474858008, 15.97071616567366
1960, 5,62.13843079792153, 16.10947116025008
1961, 6,69.70431117866525, 15.712491363824643
1962, 7,73.04094986807416, 15.824393139841304
1963, 8,72.52838878016993, 14.695903457272943
1964, 12,36.33180790208857, 12.063309831049546
1964, 1,35.31762743528164, 13.424953295969893
1964, 9,65.86001094840577, 14.310250444778788
1965, 11,48.69169929522313, 13.036523101017965
1965, 2,36.14213189407985, 13.300860178782264
1966, 10,55.570246259351684, 14.28859102244364
1966, 3,44.60096468025523, 14.088828380270716
1967, 4,55.425456012913706, 14.494092009685119
1968, 5,61.702098554329176, 15.472843152494864
1969, 6,70.4804986789959, 14.773381770145246
1970, 4,54.66912669126695, 14.479370936566502
1971, 5,60.50889963036683, 15.974210975263079
1972, 6,68.4347346657477, 17.147518952446646
1973, 7,73.19860572306507, 15.495897829844909
1974, 8,71.20274622298662, 15.304999043794439
1975, 12,35.59285318559546, 13.63097348634756
1975, 1,34.64878959364952, 13.474789750845146
1975, 9,63.78077750273917, 14.963109199367336
1976, 11,41.73755521159742, 14.581803767601953
1976, 2,40.294178041776625, 14.682231226151902
1977, 10,55.22809923255343, 15.016983758701134
1977, 3,45.091349248452616, 15.046772767462803
1978, 4,52.683165921254854, 16.438991128382323
1979, 5,60.80088711704897, 15.750332219948001
1980, 10,54.24370982884397, 14.938726800029217
1980, 3,41.46254921612136, 14.341760326437301
1981, 4,55.68697524219629, 16.055016517575712
1982, 5,62.58616953473549, 15.448123570652214
1983, 6,69.02940245051887, 15.970582469368887
1984, 7,73.74517782536978, 15.959298528947578
1985, 8,72.10646048828087, 15.483422143280551
1986, 12,37.80618359836112, 12.585778765363619
1986, 1,36.803387392570954, 14.25061311086373
1986, 9,65.67417659919613, 14.526726144298111
1987, 11,46.24600924175582, 13.710165931527206
1987, 2,38.88715987365388, 14.175404346006207
1988, 10,54.32718360364525, 15.165049182485673
1988, 3,44.394993265218865, 15.471086435166141
1989, 4,54.32536682588223, 15.828593519123693
1990, 11,46.8971743528919, 15.061599106956605
1990, 2,38.52542588640561, 14.145228200232241
1991, 10,56.4406293025288, 14.990449645724018
1991, 3,45.23500067006154, 14.761598767087191
1992, 4,53.153731739707816, 15.377423638778996
1993, 5,61.948741585299324, 15.354533325247115
1994, 6,71.05545397423796, 14.914586867735032
1995, 7,74.07207324850474, 13.856697743630379
1996, 8,71.93710910997356, 11.369872941466827
1997, 12,35.29053558744122, 10.684773405313567
1997, 1,31.403360638521338, 10.9566297596545
1997, 9,66.60508573941047, 11.951135863989764
1998, 11,45.52162495100513, 10.193291897642839
1998, 2,39.59238191508916, 10.40130797034853
1999, 10,54.525615075903055, 10.598033252736299
1999, 3,42.00631374453629, 10.701229518673626
2000, 12,29.405201929906102, 9.03481668340267
2000, 1,32.788773010598526, 9.623108825883657
2000, 9,65.13039875059808, 10.311226983048172
2001, 11,47.670265237303866, 9.315403392219629
2001, 2,35.207253913934125, 9.043472285845239
2002, 10,53.2663339016512, 9.184864052405398
2002, 3,40.91348538681934, 9.592401146132465
2003, 4,52.445306216777965, 9.782743240121
2004, 5,63.333344279521455, 9.710690047725405
2005, 6,71.086221902823, 9.396055415818834
2006, 7,75.6438075624954, 9.467614362260093
2007, 8,74.4240221754928, 9.275505639457137
2008, 12,34.20698655034542, 8.786535805161776
2008, 1,31.962380235674406, 8.956756359898788
2008, 9,65.57035414865257, 9.295516748750023
1931, 11,36.77666666666666, 21.130000000000006
1931, 8,76.6483870967742, 30.1774193548387
1932, 10,49.28870967741936, 30.783870967741937
1932, 1,26.129032258064523, 19.079032258064515
1932, 9,63.70833333333334, 31.199999999999996
1933, 2,39.37321428571427, 15.226785714285713
1934, 3,60.48870967741935, 15.719354838709666
1935, 4,55.36555555555554, 12.317777777777774
1936, 5,65.73806451612907, 21.234193548387083
1937, 6,72.17131313131313, 18.324848484848445
1938, 12,39.66716196136704, 13.665527488855853
1938, 7,77.05249266862174, 18.010850439882685
1939, 11,50.73433014354068, 36.20885167464121
1939, 8,76.44290502793295, 32.81497206703917
1940, 6,73.76889867841416, 79.56334801762043
1941, 12,44.62821997105647, 57.396164978292425
1941, 7,75.60612244897966, 70.93969035890163
1942, 11,52.2934033858727, 55.2108581436067
1942, 8,75.82822993739322, 63.4718554354001
1943, 10,58.99976727094566, 45.518042626164174
1943, 1,39.47427618614516, 47.24053357586794
1943, 9,68.56289062499992, 48.82707913306521
1944, 2,42.772953651852575, 34.63507684975551
1945, 3,48.928949751018436, 51.00874830240079
1946, 4,50.30932551319644, 14.847214076246418
1947, 5,61.70141201264499, 16.59974710221301
1948, 6,70.48601332064685, 16.955661274975995
1949, 12,38.25602517985604, 14.478372302158114
1949, 7,74.68104272266464, 17.688428674873105
1950, 5,62.47539136795909, 17.32313094367218
1951, 6,70.09688655103793, 16.660164913278177
1952, 12,38.15472269793166, 14.0776840995914
1952, 7,75.6642338656459, 17.638392503628832
1953, 11,46.45910439708672, 14.056959805772701
1953, 8,73.21216828478951, 15.715275080905773
1954, 10,58.62957269411161, 15.179181865554721
1954, 1,35.30337558199689, 13.278996378685767
1954, 9,69.45793586634332, 15.878833198598404
1955, 2,36.405259111179504, 13.34874673227732
1956, 3,44.029560439560505, 14.830096153846085
1957, 4,54.46062132661626, 14.60677301987119
1958, 5,63.707042447629476, 16.678100882028293
1959, 6,71.54824335904016, 16.2688517566407
1960, 4,54.36490503715948, 15.336044591246633
1961, 5,61.33066844919762, 16.045280748662872
1962, 6,69.23366957470007, 15.647055616139399
1963, 12,32.4070569578433, 12.871256772829248
1963, 7,73.94619905956108, 15.37045454545411
1964, 11,46.44741095890398, 13.193260273972484
1964, 8,71.69690598968695, 15.243197143990187
1965, 10,55.97570930056112, 14.731664390835808
1965, 1,36.01565031331194, 12.643114779153281
1965, 9,66.26820247610056, 13.893872433787744
1966, 2,36.82031762471951, 13.151493181425922
1967, 3,47.80689332501542, 13.520056144728553
1968, 4,54.460859801090905, 15.005983317292161
1969, 5,63.76782455578674, 15.13608131903309
1970, 3,44.61191736383832, 13.820061464913822
1971, 4,51.96043208049718, 15.673749630068187
1972, 5,61.4078714332567, 17.36313545424735
1973, 6,69.84817378849321, 16.43587968488927
1974, 12,36.19078475424681, 13.237590161996076
1974, 7,73.86739122086131, 16.064130726987056
1975, 11,44.638858629380046, 14.834131371433548
1975, 8,72.11772330344222, 15.37284332537139
1976, 10,52.363403221125964, 14.765282211259784
1976, 1,32.352933362851694, 14.167411999114714
1976, 9,65.13794068270819, 15.007606789778409
1977, 2,37.6914657436141, 14.839086496379686
1978, 3,42.42604988501671, 14.96068282328002
1979, 4,51.69123027458506, 15.406914520123056
1980, 2,34.50708191452736, 13.102207598423645
1981, 3,44.58366010707556, 14.805335696715803
1982, 4,50.71832244092986, 15.978873893035665
1983, 5,60.13246814879733, 16.345482422517374
1984, 6,70.3960320886397, 16.322721059069558
1985, 12,33.34318515797198, 13.323725202057494
1985, 7,74.66274571199975, 15.495264934071308
1986, 11,44.38312317446731, 13.594767400442096
1986, 8,71.86728585112212, 15.106841817186968
1987, 10,54.41823077183596, 15.031205337488123
1987, 1,34.33015610462137, 13.353799234984312
1987, 9,66.33979988882714, 14.192763340745103
1988, 2,35.832779701745835, 14.402629161071667
1989, 3,44.26146755649491, 14.380884102022225
1990, 10,56.53686535693965, 15.5605207670947
1990, 1,39.08796831955931, 13.800674931129803
1990, 9,67.87670138888832, 14.939958333333674
1991, 2,40.849292944328596, 14.282997171777565
1992, 3,44.983492620765745, 14.351141018139801
1993, 4,51.39603438539229, 14.916151094936415
1994, 5,61.29069151365662, 15.126987606954934
1995, 6,69.05661601870051, 13.71445620078751
1996, 12,35.654237649712364, 10.80060037180393
1996, 7,73.37549525988861, 12.76786204642086
1997, 11,42.31162085810126, 10.811185333412102
1997, 8,71.55609312890368, 12.080247018739703
1998, 10,55.572080094991335, 10.776187392055446
1998, 1,35.44352605402961, 9.962521193625221
1998, 9,68.14402527926376, 10.747174099842427
1999, 2,38.19722615504611, 10.270276517668883
2000, 11,40.604890893514714, 9.385450788691594
2000, 8,72.6638409984937, 10.063437909766957
2001, 10,54.14902375054638, 9.862853951140035
2001, 1,32.62948577813406, 8.826561247540694
2001, 9,64.73148115467029, 9.863496785579994
2002, 2,37.12397143655816, 9.644158979441803
2003, 3,43.3862358230992, 9.283683421694839
2004, 4,53.412669849430664, 9.867237421961162
2005, 5,60.83506803579442, 9.729728050935407
2006, 6,70.63826506683375, 9.619977722191953
2007, 12,35.479924404640116, 8.45273986631169
2007, 7,73.46375570141326, 9.479341417287909
2008, 11,43.70628036541699, 9.263268866420374
2008, 8,71.66705901979755, 9.459155112330516
1931, 10,53.62903225806453, 23.299999999999994
1931, 7,78.74193548387099, 37.50645161290323
1932, 8,71.17903225806452, 37.63387096774192
1933, 1,42.27580645161291, 17.566129032258065
1933, 9,67.54499999999999, 19.04000000000001
1934, 2,50.69107142857142, 13.507142857142854
1935, 3,47.29677419354841, 37.65053763440862
1936, 4,55.69750000000001, 17.08833333333333
1937, 12,35.9705078125, 13.091601562499983
1937, 5,64.70665362035216, 15.645988258317018
1938, 11,47.030733944954115, 16.401529051987755
1938, 6,72.42730158730163, 15.587777777777779
1939, 10,62.491684901531706, 32.474398249453074
1939, 7,77.4446623093682, 35.330718954248525
1940, 12,47.62465245597775, 55.584800741427536
1940, 5,66.89637618636755, 75.65962036238105
1941, 11,51.05484340859429, 60.94610342316082
1941, 6,71.7374626865672, 69.0439552238802
1942, 10,61.93062446535507, 57.15799828913502
1942, 7,77.64372080241834, 66.39681231107302
1943, 8,76.31090711438569, 55.896001932602594
1944, 1,38.57251540616244, 34.10718207282889
1944, 9,68.15544477678107, 46.281743657916145
1945, 2,40.776287859176826, 35.36397877297404
1946, 3,42.44333729922661, 13.106157049375442
1947, 4,52.973196327065985, 16.105072146917465
1948, 12,37.65598449612394, 13.660651162790634
1948, 5,62.303111455108, 16.98243034055721
1949, 11,47.732067381317044, 16.13447166921864
1949, 6,70.86119313944826, 17.722416107382404
1950, 4,52.12816517924674, 16.910951444562073
1951, 12,37.79394312277815, 13.542698933552002
1951, 5,63.40353167514096, 17.49082039301888
1952, 11,45.8335459356764, 13.138037725607115
1952, 6,72.90155305112692, 17.9574491478829
1953, 10,57.856078026095076, 14.749528484691648
1953, 7,75.20885928608395, 16.397167615105744
1954, 8,74.3246356064548, 15.981910463299897
1955, 1,35.29664998609954, 13.40847928829557
1955, 9,68.32503236944338, 14.868752697453388
1956, 2,37.63516564057454, 12.994722955145093
1957, 3,44.792861980224686, 14.26817012054708
1958, 4,54.12625730160984, 15.681621313577345
1959, 12,38.6513923698135, 13.292425508214851
1959, 5,64.41718122663718, 16.633116433614646
1960, 3,38.855865847140585, 13.841635489043139
1961, 4,51.26226467331112, 15.298241971206728
1962, 12,35.84549561520073, 12.454557533882353
1962, 5,64.07511526808054, 15.312607034646032
1963, 11,46.09944095991284, 13.976111262612266
1963, 6,69.84835566382476, 15.229286777642113
1964, 10,55.39374504099451, 14.057140967997652
1964, 7,74.20921995224165, 15.364340673918564
1965, 8,71.99519492293743, 14.799456029011681
1966, 1,32.56916471506638, 13.146822794691605
1966, 9,66.17392005157966, 14.059993552546683
1967, 2,37.48304468306204, 13.593245583650837
1968, 3,46.32839101964451, 15.044278141565128
1969, 4,56.00850396301179, 15.06197159841474
1970, 2,40.26176414915779, 13.898637137989864
1971, 3,42.19839265212405, 15.637686567164248
1972, 4,52.06127500847747, 15.852933197694206
1973, 12,36.68713006230511, 13.735860591900304
1973, 5,60.401534901658195, 16.356772078674027
1974, 11,44.433131758109354, 14.025895074088982
1974, 6,68.71984705460606, 16.607296769825723
1975, 10,55.93665280828398, 15.510868371509568
1975, 7,73.53666043322401, 15.380111422783552
1976, 8,71.20514964472801, 15.538606186751274
1977, 1,27.60858082109892, 13.222115133176555
1977, 9,66.73259501821269, 14.988906876632921
1978, 2,30.857556829413003, 12.908139948606534
1979, 3,44.06139493079285, 14.002153514291086
1980, 1,33.29843009053017, 12.437774823968894
1980, 9,66.87654105778518, 15.128877679697704
1981, 2,38.668535225951324, 13.914266811018953
1982, 3,43.968194059998766, 14.213342560036146
1983, 4,49.94797488938466, 15.270653859244673
1984, 12,38.93632290262632, 12.568977450730488
1984, 5,61.653131764541584, 16.65222400670404
1985, 11,43.86645859968406, 12.659366774460503
1985, 6,69.42570093457873, 16.644106353692006
1986, 10,56.05353237582667, 14.123028142460646
1986, 7,74.41606750068708, 15.621714324993714
1987, 8,72.809086592273, 15.833242885731115
1988, 1,31.13332999398945, 13.630995792426722
1988, 9,65.85281020174077, 14.545314081371442
1989, 2,33.4593800322062, 13.043313570487593
1990, 8,73.22691564498902, 14.615531716418376
1991, 1,33.1600406160098, 12.621323404975623
1991, 9,66.08989483152267, 15.447166678198819
1992, 2,40.10900358876907, 13.789729786785275
1993, 3,42.14809662362869, 13.015714978480869
1994, 4,53.61933077310458, 14.552238101233952
1995, 12,34.095601401323165, 11.775117525526392
1995, 5,60.69787629731837, 14.02584138220661
1996, 11,41.03054252337944, 11.400163733115317
1996, 6,70.25844546461923, 12.87727718853918
1997, 10,54.217138297569264, 11.81321706420517
1997, 7,73.3694778888918, 12.1341596079215
1998, 8,72.9060759151698, 10.596417668512952
1999, 1,33.200237176813985, 9.534995308590632
1999, 9,64.86060314571704, 10.597257246848494
2000, 10,55.20611714403761, 9.579535019313733
2000, 7,72.63306416305777, 10.297064260349874
2001, 8,73.26683969243443, 9.565163606375107
2002, 1,35.9544863968305, 9.243666060034151
2002, 9,67.19213619120805, 9.571630710512865
2003, 2,33.58398738264358, 8.988008544036763
2004, 3,46.25636947647825, 9.365519395061494
2005, 4,53.63531101247226, 9.862493723514103
2006, 12,38.61826027188017, 9.045150450588038
2006, 5,62.570482007701195, 9.64596809378389
2007, 11,44.80328748227913, 9.285922832292503
2007, 6,70.30205868297854, 9.5854764407914
2008, 10,53.9099285261919, 9.642026599113489
2008, 7,73.57946691912666, 9.418271856679953
1931, 6,68.95666666666668, 80.42666666666669
1932, 7,73.91774193548387, 41.362903225806456
1933, 8,83.06249999999999, 9.690624999999997
1934, 1,49.274193548387096, 14.037096774193545
1934, 9,70.69000000000001, 11.719999999999994
1935, 2,41.2059523809524, 7.7071428571428555
1936, 12,38.999999999999964, 27.317741935483895
1936, 3,48.62983870967744, 17.12661290322581
1937, 11,44.026451612903244, 14.87978494623654
1937, 4,53.15210420841681, 15.266533066132277
1938, 10,60.24041297935108, 15.501179941002944
1938, 5,64.86886503067487, 15.875766871165636
1939, 6,73.53839285714282, 33.020758928571475
1940, 11,50.93309156844965, 62.41767905711718
1940, 4,58.519836956521715, 70.72327898550718
1941, 10,61.88263009845295, 66.81040787623043
1941, 5,66.91721947776995, 73.10825688073326
1942, 6,73.28012636415868, 70.12725445146347
1943, 7,76.3347294516404, 56.03649679215773
1944, 8,73.71438443546653, 49.43007654688617
1945, 1,37.18383597568232, 36.07818571939417
1945, 9,68.40883984563452, 17.851953690303617
1946, 2,35.75744550199572, 13.683021185139728
1947, 12,36.921624517788324, 12.985640805829489
1947, 3,41.27188491643741, 14.722318595303632
1948, 11,45.40371369623877, 14.802904300904476
1948, 4,55.64839697116127, 16.49054293539545
1949, 10,57.46543988269772, 15.999516129032106
1949, 5,63.57875610456758, 17.328741740878897
1950, 12,36.961401179941, 13.712551622418786
1950, 3,43.65550190225341, 15.946736903716582
1951, 11,43.19147823629161, 14.934723007348666
1951, 4,53.284725433525956, 16.02167630057791
1952, 10,55.934288342751906, 14.589591273491656
1952, 5,63.02148738379849, 17.168711819388704
1953, 6,72.81945707408397, 16.880756886867722
1954, 7,76.17944322721974, 16.3852300554191
1955, 8,74.58754006968671, 14.989853658536402
1956, 1,34.356946182728436, 12.872409956890404
1956, 9,67.35556810162323, 15.904389555398309
1957, 2,41.74930337078637, 12.809363295880077
1958, 12,35.32252516778531, 13.504362416107188
1958, 3,42.46319272125724, 13.922759856630735
1959, 11,43.75381630012941, 14.421374155526635
1959, 4,53.96619496855331, 15.590351629502361
1960, 2,36.289029839988245, 13.592864350583746
1961, 12,35.078387140348454, 12.998068350668506
1961, 3,44.93906877174214, 14.651739363125381
1962, 11,45.25615331964405, 13.576577686515943
1962, 4,53.448671118986, 14.980755077006664
1963, 10,59.9528878970859, 14.114557626673506
1963, 5,62.836793315054216, 15.262162162161903
1964, 6,69.91079412974896, 15.714415032231297
1965, 7,72.97589285714284, 15.268008474576016
1966, 8,71.7819455252921, 14.208902723735326
1967, 1,38.23603461841078, 12.832494099134456
1967, 9,65.5565372168283, 14.282686084142348
1968, 2,36.317058529264614, 13.803318325829506
1969, 12,39.63694005270093, 12.829693675889299
1969, 3,41.96624398073824, 14.301332263242283
1970, 1,32.32580424366869, 13.061208076659835
1970, 9,67.9470370370371, 15.039559082892481
1971, 2,37.32801709963823, 14.074942453140453
1972, 12,37.255551816958274, 14.919145356662249
1972, 3,43.535439289239825, 16.168377755840865
1973, 11,45.42303076675231, 13.93018282860827
1973, 4,51.1787604290821, 15.735593961065224
1974, 10,54.67409884512163, 14.551417350391027
1974, 5,61.277214947546, 16.226843556168685
1975, 6,68.52382522008334, 16.064605860835606
1976, 7,72.80296062086697, 16.13780899683872
1977, 8,72.28364568599687, 15.166905940594377
1978, 1,29.834242759704154, 12.674249187587186
1978, 9,66.75452111838199, 15.09865407495552
1979, 2,29.214655618850216, 13.179062263474547
1980, 8,73.29049251307949, 14.813804798845707
1981, 1,33.75007476022012, 13.305167572298895
1981, 9,65.59045687203746, 14.582218009478877
1982, 2,35.355877462798205, 13.485389475434278
1983, 12,30.73112660983807, 12.293379829514132
1983, 3,44.28959548171758, 14.193981736164874
1984, 11,44.22887111772398, 14.779639204017512
1984, 4,51.82886691959724, 15.682573325551235
1985, 10,56.69890430201957, 14.692147497805436
1985, 5,63.651983848314785, 16.361941713483716
1986, 6,71.00268055018117, 16.195483167411705
1987, 7,74.17223006114398, 15.607206208425913
1988, 8,74.07250933385713, 14.873848824261907
1989, 1,36.327988580154795, 13.400783454503545
1989, 9,65.85670017903887, 15.132333700592353
1990, 7,74.21306515846241, 15.888196512834659
1991, 8,73.10553844093181, 15.260132601125644
1992, 1,35.861065832806645, 13.28305778250938
1992, 9,64.97038374717778, 15.126897774911356
1993, 2,32.88872180451138, 12.544172089416312
1994, 12,37.51010510557332, 11.877026479119138
1994, 3,44.13120130952753, 14.0788717451273
1995, 11,41.92095885263373, 12.495165027870218
1995, 4,51.26746500679297, 14.450077411608737
1996, 10,54.19174214009097, 12.19517579971379
1996, 5,62.0419308357348, 12.787847200932234
1997, 6,69.2166078459966, 12.625617617034063
1998, 7,74.2597158706532, 11.056925991070509
1999, 8,72.12310557191904, 10.540259487354762
2000, 6,69.23928947500437, 10.690670912100165
2001, 7,73.2412946700084, 9.769737514292762
2002, 8,72.5424634382678, 9.58329990761055
2003, 1,31.867801878505496, 9.339631056153017
2003, 9,65.01923300812616, 9.632325890051064
2004, 2,34.76361500659247, 9.146110511806292
2005, 12,34.24617242117943, 8.86021499094519
2005, 3,42.66045661390085, 9.354009956828444
2006, 11,44.90451940686506, 9.237338768437127
2006, 4,55.52587689234493, 9.765075106245643
2007, 10,58.053287843485556, 9.492592181663664
2007, 5,63.19191664970321, 9.567550012028901
2008, 6,70.54306333396089, 9.631723360270811
1931, 5,62.49677419354838, 97.06451612903228
1932, 6,66.86949152542377, 37.145762711864414
1933, 7,80.88387096774197, 26.02903225806453
1934, 8,79.37258064516126, 13.395161290322577
1935, 12,39.29247311827957, 40.32150537634413
1935, 1,42.574193548387086, 9.037096774193548
1935, 9,68.765, 27.14916666666666
1936, 11,42.619166666666686, 28.857500000000027
1936, 2,32.651724137931026, 12.139655172413795
1937, 10,55.96515748031495, 23.149212598425144
1937, 3,42.32370062370066, 13.984407484407486
1938, 4,56.6992366412214, 18.646412213740437
1939, 5,66.89987980769232, 23.120432692307663
1940, 10,63.865498652291215, 69.01572327044022
1940, 3,51.726111111111194, 56.55037037037075
1941, 4,59.55626459143968, 67.30614785992242
1942, 5,66.16833661694345, 68.41412890514898
1943, 6,73.09825537294569, 58.171833122631526
1944, 7,74.04755164097739, 48.37722554262518
1945, 8,72.40116653705138, 17.7069658926783
1946, 12,34.12115329717391, 12.26774193548392
1946, 1,34.42206414899121, 13.737325400931233
1946, 9,64.18141686492194, 15.258207771609909
1947, 11,43.39732832854929, 13.43331861338054
1947, 2,34.43712941176466, 14.361129411764788
1948, 10,55.24283102239824, 14.709462136218134
1948, 3,43.06316535433085, 14.839007874015637
1949, 4,53.05527819548879, 16.518631578947296
1950, 11,44.42517058377551, 15.700257771038526
1950, 2,38.657600644122354, 15.158260869565146
1951, 10,57.73629131806361, 15.813633246468038
1951, 3,43.199901380670575, 15.094561848407809
1952, 4,53.744993802506535, 16.107257953449675
1953, 5,63.24032153507074, 15.990250226889515
1954, 6,71.73988047808773, 16.366268260291793
1955, 7,75.33357043235709, 15.805244072524077
1956, 8,73.83814769481873, 15.541207670338261
1957, 12,39.42052335936426, 13.952048225784196
1957, 1,34.44177094668126, 12.149197497279598
1957, 9,67.10648488273517, 15.06220683808964
1958, 11,47.11328711727323, 14.409662045060434
1958, 2,35.153328244274746, 14.360595419847265
1959, 10,57.12199389058611, 14.774826437100575
1959, 3,43.13486568817508, 15.326751592356308
1960, 12,35.1863697705803, 13.145020242914836
1960, 1,34.637059538274634, 12.884258134197292
1960, 9,67.4351767780987, 14.494717292612169
1961, 11,44.59929176503266, 13.464602138591648
1961, 2,38.96547406082275, 13.42270423375075
1962, 10,57.87097286565197, 14.43573792190577
1962, 3,41.96229724383486, 14.3377159435578
1963, 4,54.61905343097371, 14.823189585028244
1964, 5,62.686160654418835, 15.574694917526921
1965, 6,68.36286873731878, 15.138005306695662
1966, 7,74.68374746054062, 15.445850914205046
1967, 8,72.16352721035402, 14.480617495711783
1968, 12,36.303225806451614, 13.86557558507257
1968, 1,34.90980760206466, 12.514625371500097
1968, 9,66.38808711197817, 14.86205103201678
1969, 11,45.78454805588283, 14.010334960444398
1969, 2,38.24270500532476, 13.006549520766805
1970, 8,74.33866621183688, 14.403001876172507
1971, 12,41.156954997077776, 13.172121566335514
1971, 1,33.36442447086115, 13.511800521890523
1971, 9,66.90419939577043, 14.463383685800608
1972, 11,43.44219337205329, 15.268739323539519
1972, 2,36.43169705469848, 14.980434782608755
1973, 10,57.11139040726758, 14.745226730310385
1973, 3,45.99651573292425, 13.990878741366252
1974, 4,53.081741035856766, 16.304944223107977
1975, 5,61.93928066037726, 15.388242924528631
1976, 6,68.93513433498639, 16.201402560876808
1977, 7,74.42884799829454, 16.885911690526722
1978, 8,72.62284325637883, 15.400889857765996
1979, 12,37.53305644840907, 13.53987865217274
1979, 1,27.531387175441154, 12.223594175871566
1979, 9,66.89935586569402, 15.315337059934269
1980, 7,75.51654157043852, 15.525111864896576
1981, 8,72.25094112497237, 14.102757715036416
1982, 12,39.58415968123872, 13.359166259444637
1982, 1,28.897222433315573, 13.018633634774764
1982, 9,65.51428793230586, 14.471424135388137
1983, 11,45.89018872214658, 13.670156889495278
1983, 2,38.59345994162872, 13.272092736465646
1984, 10,56.66138547407097, 13.572181008902255
1984, 3,42.48638671461821, 14.397179324448357
1985, 4,55.633463105807145, 15.929260660748708
1986, 5,62.793033539696495, 15.761783114498344
1987, 6,71.12659755209592, 16.02179189348534
1988, 7,75.19045331929716, 15.421593525890243
1989, 8,72.25707297726117, 14.842685748281799
1990, 6,71.39174131753045, 16.483020948181252
1991, 7,74.20613867364362, 16.005887088659026
1992, 8,70.32086777504041, 14.791936741632478
1993, 12,35.84282104365806, 12.789155452718592
1993, 1,32.59176611344614, 11.908393410436394
1993, 9,64.00419358885873, 14.376344018568496
1994, 11,44.78256259580996, 13.355930633622988
1994, 2,33.12809546474466, 13.44350309376495
1995, 10,55.79964062172426, 13.306328052469528
1995, 3,43.93765503757549, 13.780750901203811
1996, 4,51.60548192958911, 13.598818173314225
1997, 5,60.11413630324824, 13.01194561438297
1998, 6,68.8223353360033, 11.327770360481138
1999, 7,74.26883749091766, 10.560428675224651
2000, 5,63.105319046240105, 10.620281880491032
2001, 6,69.59528349222329, 9.90094330155606
2002, 7,74.96428732623193, 9.565323163026505
2003, 8,73.67130586498354, 9.33890976602751
2004, 12,36.09122810653926, 9.168832003316522
2004, 1,30.023446002393253, 9.156914809546366
2004, 9,66.44630693344125, 9.568777092097143
2005, 11,45.71827339578946, 9.376230482523122
2005, 2,37.97750183879208, 8.75813178730614
2006, 10,53.84296496778834, 9.487700606106905
2006, 3,43.37133795461036, 9.49020036083959
2007, 4,51.36115323915452, 9.634512490858114
2008, 5,60.68684743677894, 9.7035942983252
1931, 4,51.60333333333334, 89.60000000000004
1932, 5,57.95967741935485, 30.330645161290327
1933, 6,73.97166666666665, 26.88
1934, 12,45.66612903225807, 8.987096774193548
1934, 7,81.01612903225806, 17.683870967741925
1935, 11,42.31888888888888, 23.680000000000017
1935, 8,75.87903225806451, 21.63064516129032
1936, 10,55.01532258064519, 17.57338709677421
1936, 1,40.29919354838713, 18.80806451612904
1936, 9,63.57916666666668, 20.116666666666674
1937, 2,34.22058047493407, 13.11292875989447
1938, 3,50.568403908794735, 17.77638436482083
1939, 4,55.73832258064513, 19.182838709677398
1940, 2,46.03072348860262, 49.362933597621634
1941, 3,48.401910828025535, 62.98200636942675
1942, 4,58.82239875389413, 66.92467289719526
1943, 5,65.49614339329636, 58.07682153487931
1944, 6,71.0123378746594, 49.880948228884144
1945, 12,37.41907745865965, 15.502210617928595
1945, 7,73.24071059289442, 25.07089429105664
1946, 11,43.08850344036702, 13.831966743119308
1946, 8,69.39218266253876, 15.789370485036212
1947, 10,59.428211106401086, 14.726027977956893
1947, 1,33.304190720547226, 12.74791533034004
1947, 9,67.42916666666657, 15.992102966841207
1948, 2,36.09080732700127, 13.116061736770737
1949, 3,45.59499270072987, 15.621124087591259
1950, 10,59.522188004106276, 15.780656987827959
1950, 1,38.54909916507982, 13.976724769298304
1950, 9,65.86768512944015, 15.750767609873394
1951, 2,38.240703914141434, 14.265609217171727
1952, 3,43.34113055181706, 14.52857335127852
1953, 4,53.24928359015945, 15.172668288726394
1954, 5,61.38121141975278, 15.910956790123153
1955, 6,68.86043165467618, 15.562431654676002
1956, 12,39.47808406113508, 12.836503820960589
1956, 7,74.54163487738396, 16.159509536784306
1957, 11,45.86845656452049, 13.321338206353428
1957, 8,73.75881390593055, 15.433592365371357
1958, 10,56.23958362248439, 14.646079111727806
1958, 1,34.77092188793802, 13.512006624344338
1958, 9,67.54843145681151, 15.388941412404838
1959, 2,38.41309029380099, 13.628903245654534
1960, 11,46.501122350006774, 13.961937092974727
1960, 8,72.726882149508, 14.949002394253537
1961, 10,56.206325016857654, 14.549049224544586
1961, 1,33.194402379664716, 13.79912114656555
1961, 9,66.74712500000005, 14.543749999999859
1962, 2,39.53776091081589, 12.763260837833839
1963, 3,46.23583091914671, 14.111179878851411
1964, 4,53.29831840110261, 14.41596140592667
1965, 5,62.941734910524744, 14.86404306945693
1966, 6,69.5887743598001, 15.338862940892152
1967, 12,39.09247446975647, 12.893919874312584
1967, 7,72.94695188841855, 14.71582824008779
1968, 11,45.905830761734634, 13.65405229819705
1968, 8,72.76845136186756, 15.12773540856015
1969, 10,57.041693652849844, 13.825032383419611
1969, 1,36.057568476693895, 12.48566394361683
1969, 9,67.89604623890092, 14.04989110403748
1970, 12,40.184802065404554, 13.184922547332224
1970, 7,74.80493342437673, 15.7576988733357
1971, 11,45.90527419838176, 14.370991908900267
1971, 8,71.049954968478, 14.8574602221556
1972, 10,55.37233477250088, 15.091032879442132
1972, 1,35.41522024983568, 14.35042735042738
1972, 9,66.39654464591183, 16.100239479986396
1973, 2,35.477393310265114, 13.980524584561525
1974, 3,44.95870143898733, 14.765684194282976
1975, 4,48.61844025661596, 14.785934242181344
1976, 5,60.01349530566861, 16.09081917867183
1977, 6,69.8367610658123, 16.57403538147984
1978, 12,34.561553215358636, 13.700343791843295
1978, 7,73.51599656910099, 16.020882027090344
1979, 11,44.46297381569529, 13.802137570908142
1979, 8,71.5916162736604, 14.824707482019761
1980, 6,69.01209641751437, 15.985699542975523
1981, 12,36.000173163363144, 12.942218701643355
1981, 7,73.984076479338, 14.970289881363154
1982, 11,44.77828180829573, 13.722716327481852
1982, 8,72.11790955151078, 15.278344905235755
1983, 10,56.42041129976497, 14.463667300936974
1983, 1,35.10995175586245, 13.346920228879465
1983, 9,66.73388510959948, 15.640291005291564
1984, 2,38.9412554688987, 13.916876545558535
1985, 3,46.04997885835093, 14.89819943622325
1986, 4,54.18721019553068, 15.859081703911155
1987, 5,64.16669275796345, 15.208259597060005
1988, 6,71.171430496597, 16.764527322957523
1989, 12,30.779237431490618, 13.289657622302073
1989, 7,74.6014843228821, 15.143859239493281
1990, 5,61.14204380044988, 15.84175267963529
1991, 6,70.45283893793119, 16.16344244839111
1992, 12,35.08464956054239, 12.33336982067536
1992, 7,72.05606282984135, 15.286428504512356
1993, 11,42.06923004281035, 13.363847267690742
1993, 8,72.35814094959953, 13.999732335675402
1994, 10,54.90937921313894, 13.80253707562214
1994, 1,29.947718311581177, 12.3692667420607
1994, 9,65.5992699807227, 14.018158834497472
1995, 2,36.671035604187125, 13.147738744537575
1996, 3,40.218144056828166, 13.197456581284328
1997, 4,49.88939451693314, 12.596575282217374
1998, 5,63.34597660881751, 10.938385253854117
1999, 6,68.74437143999158, 10.657627160987856
2000, 4,52.284128646222904, 10.538162552979955
2001, 5,62.216647665251585, 9.868550636750376
2002, 6,70.56566486637534, 9.740425086135307
2003, 12,36.05314208572387, 9.301696478794712
2003, 7,74.24864265555702, 9.721934775792601
2004, 11,45.831673191707964, 9.03270864086594
2004, 8,70.56098708372885, 9.416648784715056
2005, 10,56.05397382638007, 9.29566438476468
2005, 1,33.88606227828168, 8.59284588096205
2005, 9,68.38498552240046, 9.33771213705535
2006, 2,35.65837984708396, 9.367133559407826
2007, 3,46.03769937619049, 9.358116992267805
2008, 4,51.98382041825, 9.4429333682812
1931, 3,43.76774193548386, 87.81612903225806
1932, 4,50.58833333333333, 30.833333333333332
1933, 12,50.291935483870986, 13.63387096774193
1933, 5,59.88870967741937, 24.73870967741937
1934, 11,54.21999999999999, 10.30333333333333
1934, 6,68.36333333333333, 16.886666666666663
1935, 10,55.375268817204315, 25.260215053763442
1935, 7,78.34435483870968, 24.707258064516154
1936, 8,75.29866666666666, 18.296000000000003
1937, 1,31.07010050251257, 12.081155778894464
1937, 9,67.26460554371002, 15.730277185501045
1938, 2,41.153114186851234, 13.705709342560533
1939, 3,49.324864864864864, 17.947027027027023
1940, 1,33.63353474320245, 41.786505538771586
1940, 9,70.8677243880326, 70.3317316409791
1941, 2,44.257431192660526, 58.75614678899117
1942, 3,49.330306946688204, 67.49922455573393
1943, 4,58.285094365615215, 59.447995591680765
1944, 12,37.89400324149129, 37.188620050937786
1944, 5,64.30743466666675, 46.35924266666782
1945, 11,48.23101553916209, 17.192669910531983
1945, 6,68.70106334841635, 56.661640271495486
1946, 10,55.31574445335467, 14.657391071906027
1946, 7,71.83912150012843, 15.96771127665051
1947, 8,73.35588048315327, 15.990421699512604
1948, 1,31.457598438008464, 13.27515457207947
1948, 9,66.7982994803967, 16.273090851834162
1949, 2,38.03335491179801, 14.15682149215088
1950, 8,72.10392841553914, 17.466099228866288
1951, 1,35.096686187687396, 14.215954863590781
1951, 9,67.38905719139302, 15.908253114382601
1952, 2,40.33064307293922, 14.453632570853028
1953, 3,47.20372809906463, 15.202792780924609
1954, 4,56.830154501864705, 15.644166222695587
1955, 12,36.05362563237769, 13.258206857785122
1955, 5,64.0615170494087, 15.554516353514023
1956, 11,43.79956430077307, 14.022389318341343
1956, 6,71.75282195636872, 16.13042927515815
1957, 10,55.264653061224415, 13.946149659863767
1957, 7,75.53869872317313, 15.91112469437628
1958, 8,74.00862979433028, 15.566939966647755
1959, 1,33.57033886487236, 13.763714963045413
1959, 9,67.84348385252918, 15.682366390397023
1960, 10,57.27226219024766, 14.25170530242452
1960, 7,73.8337363805475, 15.597209673132847
1961, 8,72.4267479239218, 14.867372086793234
1962, 1,32.18568220842684, 13.11536124686284
1962, 9,65.42014576457647, 14.671012101209906
1963, 2,36.01321308109694, 13.203328933861062
1964, 3,42.62213628483797, 14.22739031870898
1965, 4,54.862437499999785, 14.149031249999943
1966, 12,37.267239225484026, 12.59291068082455
1966, 5,61.36371156547544, 15.137505852973208
1967, 11,46.4453956950963, 13.40258941576307
1967, 6,69.68474931484751, 14.897291633080703
1968, 10,57.80271713522849, 14.183131773205432
1968, 7,73.76142723880594, 15.54328358208934
1969, 8,73.72886297376093, 14.483074182053777
1970, 11,46.71700088731149, 13.596166814551946
1970, 6,70.69075052854129, 16.00348837209305
1971, 10,58.38496616651945, 13.8055310385408
1971, 7,72.75348101265811, 16.733285385500743
1972, 8,72.03648513197464, 16.177113264283427
1973, 1,32.51444289477753, 13.743657988532673
1973, 9,65.551438891756, 14.704989481205397
1974, 2,35.662389380531025, 14.995356130251881
1975, 3,40.59578294573648, 14.210073643410977
1976, 4,53.32279850331555, 15.763631311822136
1977, 12,35.66857142857156, 13.477766168258297
1977, 5,62.754945561584435, 15.93069475476134
1978, 11,44.742732937795886, 12.440079853726022
1978, 6,69.6287760753182, 16.169998153960137
1979, 10,56.297631626235415, 14.589128481581689
1979, 7,73.205267501525, 15.278205174208253
1980, 12,35.14345740040696, 13.397989968014235
1980, 5,61.66876402093781, 14.92080618167617
1981, 11,46.20230405971533, 13.921303983548034
1981, 6,70.8450649059975, 16.11643166219062
1982, 10,55.27395630704767, 15.180416729014448
1982, 7,73.88026240073664, 15.924613495991174
1983, 8,75.0147351956935, 14.930496144333118
1984, 1,31.76865888695793, 12.764516014613735
1984, 9,65.16628689236089, 16.10866970486163
1985, 2,34.62237444709755, 13.516843464986328
1986, 3,47.12413408210938, 15.418295022498642
1987, 4,54.77900847964515, 16.20108370571111
1988, 12,36.64795431976192, 13.943475670308093
1988, 5,62.798517379066645, 16.3116449564713
1989, 11,44.94793848280639, 14.509759806463224
1989, 6,69.59544712127345, 15.778654552879106
1990, 4,54.41510541858399, 15.312265641096582
1991, 12,38.25409468099601, 13.195606039994923
1991, 5,63.951859920124335, 15.243611578704344
1992, 11,43.29476296765109, 13.133394409834388
1992, 6,68.71700954818407, 15.881077533878546
1993, 10,54.075302656054205, 13.944253346750846
1993, 7,73.25853688511948, 14.519709957906976
1994, 8,71.8045190484926, 13.718216840946702
1995, 1,34.37824576639169, 11.940518578251957
1995, 9,65.24178809582655, 13.406693010620138
1996, 2,35.58896663427251, 11.982432782636876
1997, 3,44.2183819749845, 12.186058598435558
1998, 4,52.517349819331685, 11.701219512195685
1999, 12,35.724557602901626, 10.062848380108898
1999, 5,60.902313786107825, 10.900420249252296
2000, 3,46.50192622950799, 10.304243008679533
2001, 4,53.48861316790068, 9.721410346208316
2002, 12,36.11043927531977, 9.058382780949527
2002, 5,60.05599013708557, 9.938044609329935
2003, 11,44.730080828726656, 9.186637710782282
2003, 6,68.43101151658065, 9.594882290366478
2004, 10,56.40649229428971, 9.002316898633156
2004, 7,73.0569176665278, 9.373928423665662
2005, 8,73.53976858671255, 9.121135359330738
2006, 1,38.93364259397165, 9.087287860565516
2006, 9,64.12907160026757, 9.397052449068157
2007, 2,32.252326856622915, 9.177012849959658
2008, 3,42.42313880011664, 9.362627106333633
1931, 2,35.96428571428572, 60.942857142857136
1932, 12,21.975471698113203, 22.754716981132077
1932, 3,37.51774193548388, 22.706451612903223
1933, 11,54.868333333333325, 14.653333333333325
1933, 4,56.226666666666674, 26.11500000000001
1934, 10,63.046774193548394, 11.498387096774186
1934, 5,70.63548387096775, 16.599999999999998
1935, 6,73.58777777777779, 39.11555555555557
1936, 7,79.82319999999996, 19.50640000000001
1937, 8,76.43703703703707, 14.657894736842074
1938, 1,36.799689922480574, 12.68
1938, 9,69.8179059180577, 14.699848254931716
1939, 2,40.54557377049185, 17.23508196721311
1940, 8,76.10852372583469, 72.7491212653777
1941, 1,45.249058219178124, 53.03655821917832
1941, 9,69.5170909090909, 74.52130909090883
1942, 2,40.49175542406318, 60.00658777120232
1943, 12,40.339591032274036, 35.668514412416634
1943, 3,47.68997656142285, 51.2181166413903
1944, 11,47.25821893699414, 40.73573858969869
1944, 4,53.348475986953325, 41.08924755370631
1945, 10,58.008963987473926, 16.4542406054278
1945, 5,60.71985761226722, 57.08291347207214
1946, 6,68.03178067607134, 17.028639872238625
1947, 7,73.42818763326255, 16.473859275053286
1948, 8,72.5024078024991, 16.372919841511656
1949, 1,34.0207347538574, 12.114313005143261
1949, 9,66.17349253731356, 16.62395522388044
1950, 7,72.56024536293262, 17.267226522564336
1951, 8,74.28532198269936, 16.207524371824512
1952, 1,38.42388281355482, 14.127582017010852
1952, 9,67.95042758246242, 16.218012759603152
1953, 2,39.809074889867794, 14.36086637298078
1954, 12,37.04747316051329, 14.11653574234072
1954, 3,43.79489730009043, 13.815527709597998
1955, 11,43.04964539007096, 14.240034737299046
1955, 4,55.408087494603535, 14.361433299755232
1956, 10,58.297086849986435, 14.592376803702502
1956, 5,64.11101752479253, 16.29828827604918
1957, 6,71.78376068376055, 16.106725514921973
1958, 7,74.50547774233819, 15.783871862431996
1959, 8,74.26719247267204, 15.491490244914742
1960, 6,70.47159682278823, 16.138016981648516
1961, 7,73.21796519410991, 15.69866131191409
1962, 8,73.1875215488665, 15.568200503911648
1963, 1,31.04460764853777, 12.101045388381499
1963, 9,66.98145748987835, 14.54962213225361
1964, 2,34.93842195540325, 13.908962264150725
1965, 12,39.32577507598777, 12.243024316109398
1965, 3,42.52977341389721, 13.169833836858006
1966, 11,47.641242937853136, 12.970217917675528
1966, 4,52.993173402028646, 14.372919014651364
1967, 10,56.769221144822986, 14.72822959024066
1967, 5,61.04664155681119, 14.922065285624429
1968, 6,70.11600965406276, 15.44476267095723
1969, 7,75.26916532905281, 14.687191011235903
1970, 10,56.40223206679161, 13.405912421196193
1970, 5,64.19887024991444, 15.928911331735726
1971, 6,70.48864705882363, 16.147852941176524
1972, 7,72.7773364485981, 17.534212283044106
1973, 8,72.44125534841022, 14.30041641198076
1974, 1,34.042244160286145, 12.714800419759928
1974, 9,63.92421735152539, 14.919738255300748
1975, 2,35.06802586206912, 13.397103448275772
1976, 12,33.74185129207083, 14.605739668964901
1976, 3,44.54046997389038, 14.862133739483873
1977, 11,45.399184854062824, 14.592058900867952
1977, 4,54.62027216403597, 15.984713822098104
1978, 10,55.50845681891582, 15.028893832299241
1978, 5,61.24141891891873, 15.537147937411325
1979, 6,68.56793566474799, 16.305717869264104
1980, 11,44.43254411436231, 14.099277790187061
1980, 4,52.895011613759294, 15.530531283413081
1981, 10,54.07010577101496, 14.3271998515497
1981, 5,60.897329912923986, 15.281215449651485
1982, 6,67.55214678178966, 15.837947409733273
1983, 7,75.0267283135178, 15.958601203581713
1984, 8,73.60868641114969, 14.877313588850319
1985, 1,30.954593721973065, 12.836175784753571
1985, 9,65.11664794753838, 14.929846744683468
1986, 2,38.350198109136734, 13.048013024204629
1987, 12,37.52917871110355, 13.003560618942519
1987, 3,44.8567910905251, 15.31418840678477
1988, 11,45.942816394444655, 14.175058575843376
1988, 4,53.066523663141965, 15.832324426579033
1989, 10,56.25640683840459, 14.725997267304876
1989, 5,62.11912739504682, 15.600554034891404
1990, 12,35.90803638345733, 13.39164679430443
1990, 3,46.549961729175955, 14.51991081234002
1991, 11,42.844019488428685, 13.723995127893188
1991, 4,54.72802960222007, 15.262610066125825
1992, 10,55.030546156035676, 14.45188956705989
1992, 5,61.85085640278469, 15.83373482273035
1993, 6,68.5478654350269, 15.354131818749222
1994, 7,73.38898133366102, 14.389196242171234
1995, 8,74.04132940962262, 13.306019052242007
1996, 1,30.342009674181003, 11.687837303398174
1996, 9,64.2359182379968, 11.863790207574288
1997, 2,37.85074818161448, 11.209087122304604
1998, 12,36.61325930941082, 10.233679079214832
1998, 3,42.67887721800148, 11.014828730494173
1999, 11,46.98216305905418, 10.267413329311555
1999, 4,52.14299437148166, 10.568352720450667
2000, 2,39.9029988615194, 9.71051024632612
2001, 12,37.44772871897768, 9.269234911156106
2001, 3,40.90407911001263, 9.350209651228013
2002, 11,43.33790050884063, 9.41161969376676
2002, 4,53.422596730565054, 9.770156415383642
2003, 10,56.184830227557, 9.580630711342955
2003, 5,61.238361624937866, 9.506592914409138
2004, 6,69.06589205077874, 9.718844253216359
2005, 7,75.07773598877506, 9.30901862966785
2006, 8,73.09911391683033, 9.374657260748124
2007, 1,33.366067331201805, 9.032877562535276
2007, 9,67.09727033818612, 9.506445301260388
2008, 2,34.97863472203043, 8.753243472597795
