38,703
21,749
22,750
5,766
11,748
19,938
5,938
33,938
2,943
36,938
6,939
46,939
36,939
6,939
38,939
33,939
15,939
16,939
14,942
19,942
34,942
33,942
25,942
14,943
33,943
33,943
9,943
38,943
5,943
11,943
24,943
24,943
29,943
30,954
24,954
24,954
4,939
4,766
4,751
4,761
14,954
2,748
42,954
15,954
38,954
29,766
10,751
15,766
6,938
18,766
21,766
6,766
24,767
13,762
30,767
24,767
27,767
20,767
1,767
14,767
24,938
1,936
1,936
22,936
24,936
46,936
5,938
34,938
24,938
24,938
6,936
24,938
33,939
20,939
20,942
33,751
23,750
36,751
28,751
12,751
3,751
33,751
30,751
36,751
17,751
24,762
26,762
7,762
3,762
32,762
10,762
36,763
9,763
17,763
24,763
8,763
46,763
9,766
11,766
8,766
13,766
4,766
31,766
20,766
24,766
2,767
7,750
5,750
17,750
20,750
13,750
27,750
36,749
36,749
19,751
1,750
18,750
2,751
4,751
23,751
14,762
6,751
18,762
10,762
26,762
20,762
26,762
1,762
20,763
19,750
12,763
7,763
8,763
47,766
21,766
10,748
36,748
28,748
8,748
29,748
24,748
3,749
5,749
47,749
26,749
36,749
28,749
9,749
1,749
10,749
35,749
11,762
32,760
47,760
15,760
31,760
18,760
12,762
18,762
13,762
19,761
21,763
31,761
4,761
32,761
18,761
37,763
12,763
36,763
5,759
16,936
8,936
31,939
8,937
8,937
14,939
24,937
8,937
5,940
31,937
13,940
17,940
4,939
4,937
4,940
4,942
11,942
4,940
4,941
4,930
18,942
4,930
4,930
12,940
4,928
4,930
4,767
4,929
4,929
4,928
8,940
4,765
4,906
4,907
4,907
4,907
4,765
17,942
4,907
4,907
4,942
4,765
18,940
4,904
4,940
4,905
4,905
4,765
4,940
4,904
4,905
5,940
30,940
4,759
4,898
4,942
4,940
4,936
4,936
30,936
4,936
4,937
18,936
4,937
6,936
2,937
18,936
1,930
4,767
3,936
4,931
4,936
4,937
31,937
2,931
8,936
4,928
30,937
4,767
4,936
36,936
4,936
4,936
4,765
4,906
12,937
4,929
11,937
22,937
1,937
17,937
11,937
4,906
7,937
4,907
11,937
4,937
13,937
4,904
6,937
8,940
12,940
3,904
4,759
18,940
4,905
4,759
4,940
7,940
7,940
11,940
12,940
7,940
31,940
18,940
7,940
31,941
7,940
18,767
2,939
2,937
31,767
3,940
2,767
3,930
1,930
11,767
30,930
2,930
31,930
2,767
7,930
7,930
18,930
17,930
9,930
10,930
3,930
12,930
12,930
10,931
14,930
18,930
2,767
13,930
13,930
2,928
4,767
31,931
11,931
7,931
23,931
7,931
2,931
7,931
17,931
12,931
7,931
4,931
9,931
18,931
4,764
4,764
4,765
7,931
14,931
31,931
4,929
3,931
25,931
17,931
25,934
8,934
3,764
8,767
4,765
18,767
12,767
18,767
2,906
22,767
7,767
3,767
7,930
10,928
31,928
10,928
18,928
10,928
7,930
3,904
3,928
18,928
4,928
12,928
18,928
10,928
7,929
12,929
31,931
10,929
20,929
4,929
1,906
10,931
22,767
4,765
18,765
18,764
12,764
2,765
31,928
7,765
18,928
11,765
26,765
7,765
2,928
7,928
18,906
17,906
7,906
12,906
17,928
5,906
8,928
7,928
9,929
18,928
30,907
5,906
10,929
7,906
11,929
12,929
31,929
31,907
30,907
7,928
8,907
2,929
18,929
12,906
7,929
7,929
17,907
7,907
12,929
5,907
7,907
7,907
31,907
12,764
8,764
12,764
23,764
17,764
1,765
31,764
11,764
2,764
29,764
31,765
7,764
19,765
31,764
18,765
12,906
13,765
7,765
7,764
5,906
7,765
17,906
1,906
7,906
7,906
7,904
30,904
7,904
7,906
18,904
28,904
7,905
7,906
7,905
31,906
13,906
7,907
4,765
18,906
2,905
35,905
12,907
2,905
15,906
29,906
1,907
8,906
12,905
18,905
18,907
29,907
22,907
7,905
18,905
7,907
30,905
18,905
18,765
12,765
18,765
27,758
13,759
31,759
1,765
12,765
23,904
7,898
9,904
12,898
22,904
12,904
22,759
10,759
31,759
10,759
6,898
17,904
17,904
12,905
8,904
18,904
17,904
8,898
7,905
31,905
18,905
4,905
31,905
36,905
1,935
1,934
1,929
1,932
1,932
1,933
6,934
1,910
1,933
1,932
1,934
5,932
1,944
1,946
6,929
1,933
1,946
28,942
36,943
42,943
9,942
1,954
1,941
1,943
1,943
36,942
10,941
1,935
48,941
36,941
36,941
1,941
27,952
8,952
1,941
44,941
5,941
8,941
25,941
41,952
1,934
4,941
27,941
41,935
1,941
28,946
7,946
48,935
19,934
4,934
25,934
27,935
36,934
44,934
36,934
10,934
36,935
43,935
27,946
18,934
36,934
10,934
45,946
48,935
6,946
36,932
7,932
29,932
36,935
33,933
10,935
20,944
9,944
42,932
4,933
34,933
24,932
38,932
4,929
36,933
36,933
4,933
40,929
9,929
48,932
27,932
48,933
10,933
41,933
1,933
17,929
36,910
43,910
25,932
12,933
24,933
9,929
15,750
12,750
32,747
10,747
46,748
22,750
23,748
14,750
5,750
35,747
16,746
3,671
13,747
4,747
36,747
10,670
36,670
12,670
10,671
14,671
45,671
21,671
9,671
12,746
5,671
8,748
12,671
18,670
1,671
11,671
17,744
14,671
14,746
2,746
14,744
25,746
17,744
2,746
23,746
22,746
17,746
36,746
18,744
14,746
15,746
26,746
6,745
36,746
36,747
35,747
46,747
9,747
14,745
11,745
6,745
2,747
42,745
30,747
15,747
8,747
38,671
13,671
7,671
9,671
36,671
22,671
7,744
15,738
20,671
7,738
6,738
16,738
15,738
6,744
6,744
54,744
16,744
13,738
20,744
11,744
9,671
36,744
15,744
11,745
12,744
8,744
4,745
25,744
12,738
31,738
12,745
12,745
36,745
36,738
14,745
2,745
15,739
6,745
9,745
36,745
27,745
19,739
14,745
21,745
6,745
36,736
24,738
8,739
12,738
14,738
13,738
21,738
12,738
25,738
15,739
36,739
16,739
13,739
13,739
9,739
12,739
12,739
6,739
33,739
8,739
14,739
21,739
18,739
10,739
36,742
16,742
38,742
33,742
11,742
12,742
36,742
11,742
36,742
20,743
20,743
36,736
9,736
12,736
13,736
20,736
24,736
36,736
12,736
17,737
17,737
19,737
4,737
36,737
13,737
18,737
20,737
14,737
30,737
36,737
6,737
21,737
4,661
16,737
5,740
4,737
33,740
30,742
23,742
30,740
28,743
36,740
39,740
6,743
4,743
15,743
2,743
8,743
14,743
39,740
18,740
24,743
8,743
14,714
15,736
9,714
11,714
7,714
4,743
3,714
18,736
14,714
1,714
36,714
9,714
27,740
30,715
36,715
13,740
12,740
38,718
3,719
14,740
14,741
21,719
3,719
4,719
33,719
22,719
19,719
8,719
36,714
13,714
1,714
4,714
12,714
4,719
11,714
15,714
18,714
7,714
5,714
24,714
4,714
13,715
7,715
36,715
7,715
2,715
18,715
13,715
2,715
18,715
21,715
7,715
13,715
15,718
39,718
28,718
3,671
1,716
2,718
25,718
13,718
13,718
15,718
41,718
13,718
13,718
15,718
46,719
26,719
7,719
35,716
5,740
15,717
34,717
15,717
40,719
11,719
8,715
18,712
36,712
13,712
15,712
29,712
6,712
13,712
13,714
22,712
2,712
1,712
15,712
12,712
4,712
17,714
7,712
4,712
29,713
13,713
48,713
3,713
15,715
40,715
36,713
5,707
11,713
36,713
15,713
21,713
3,713
36,716
11,716
19,716
15,716
21,716
36,716
18,717
6,717
3,717
15,706
22,706
12,706
5,706
28,706
2,706
14,706
14,706
9,706
36,706
8,706
7,706
16,712
9,706
21,706
19,712
36,712
19,707
6,707
1,707
22,707
36,707
35,707
36,707
30,707
24,707
3,710
21,710
8,707
13,707
21,716
6,707
46,713
8,713
36,710
19,716
14,716
4,710
13,710
8,713
11,716
21,710
8,710
3,710
26,716
1,710
12,710
7,710
1,710
27,710
40,710
40,710
9,710
8,710
4,661
6,661
19,661
21,661
19,661
30,661
36,661
20,704
27,704
13,661
36,704
15,704
16,704
35,704
20,704
16,706
10,704
36,704
18,706
1,706
36,706
19,705
8,705
17,705
26,704
4,705
36,705
36,707
23,705
12,705
12,705
21,705
3,705
18,705
15,705
3,705
21,708
15,708
16,708
2,708
16,708
9,708
10,708
5,710
9,710
7,708
1,704
19,705
46,622
36,622
9,710
15,668
30,668
15,668
11,668
16,668
27,669
10,670
19,669
3,669
12,669
11,669
4,671
12,669
15,671
36,669
25,669
3,669
15,669
19,669
2,669
10,669
16,669
23,669
4,669
18,663
46,663
36,663
1,663
35,663
35,663
36,663
12,663
36,663
22,663
36,669
23,668
36,668
23,668
35,669
36,668
46,670
8,694
25,694
39,701
31,694
15,693
62,694
20,701
47,695
26,693
29,695
44,693
28,695
21,695
44,695
34,693
25,701
25,695
44,701
36,695
25,695
28,695
3,695
36,695
15,701
13,694
5,702
6,702
55,702
4,701
5,703
4,703
5,700
4,703
4,694
4,702
14,703
4,703
7,703
6,703
39,701
20,703
2,702
28,701
64,701
4,700
16,701
8,694
3,694
36,694
3,694
32,692
1,692
11,692
53,693
36,692
5,692
4,703
36,703
9,703
13,703
32,703
10,703
16,703
6,701
36,694
28,694
12,694
6,693
4,693
32,670
6,693
29,693
17,693
36,693
7,693
9,760
4,748
31,760
40,761
23,761
5,761
36,761
11,761
5,764
7,761
36,760
16,754
16,754
34,760
20,760
1,760
33,754
36,761
27,761
18,755
16,764
33,754
11,764
19,754
12,754
30,754
36,754
1,755
7,749
18,755
35,755
5,755
28,755
36,755
36,758
7,755
9,758
8,758
7,758
8,758
16,758
2,758
3,758
18,758
10,757
20,758
20,758
11,758
20,758
26,758
32,759
2,758
14,758
32,758
4,758
28,759
57,759
1,759
18,759
33,898
25,898
31,898
20,898
20,717
2,736
1,736
1,669
47,719
15,741
24,719
36,741
14,743
47,730
36,741
3,730
7,730
30,741
6,741
47,730
51,730
12,741
17,730
12,730
3,717
5,717
3,717
47,741
11,730
13,730
46,730
11,730
45,741
47,731
16,717
47,711
26,717
11,717
1,717
9,717
36,717
31,717
37,717
1,730
47,728
46,728
45,728
6,728
47,729
36,711
2,711
37,711
22,711
36,711
21,711
36,709
10,722
36,709
36,709
36,711
44,709
33,711
36,709
36,722
24,722
36,728
24,722
36,720
36,722
16,722
36,728
27,728
36,722
4,709
24,722
43,720
13,626
10,626
4,626
1,627
41,626
1,624
2,626
1,626
2,624
27,626
12,627
7,626
19,626
2,628
8,626
31,626
31,627
5,626
50,626
30,627
49,627
24,627
5,627
50,613
2,613
28,624
50,624
1,624
15,624
36,624
14,624
7,624
44,625
29,625
36,625
50,625
22,625
9,625
9,625
24,625
28,627
28,628
30,628
36,627
36,708
29,708
36,708
35,711
36,708
31,709
10,705
22,705
12,705
31,705
36,622
25,622
11,622
24,622
7,622
36,622
36,623
36,623
23,708
4,708
37,623
23,623
35,709
37,623
13,709
11,623
9,623
39,634
17,634
36,619
15,617
25,619
12,619
19,617
36,619
12,619
7,619
7,619
15,617
23,619
24,619
2,619
3,620
36,620
17,620
36,620
20,622
5,620
36,620
27,620
33,620
15,620
23,622
37,621
9,621
48,621
36,623
2,595
19,621
18,623
35,623
5,623
2,623
33,621
36,621
7,621
23,623
36,632
35,621
7,621
11,634
38,632
36,632
36,617
36,617
12,617
36,617
36,614
9,614
4,614
36,614
36,614
32,614
31,620
36,615
19,615
35,620
36,615
11,615
11,615
26,615
24,615
33,621
11,615
36,615
17,621
35,615
37,632
13,626
36,626
36,614
4,612
23,614
36,612
35,612
4,612
1,600
1,708
18,612
36,614
26,615
26,615
12,612
7,612
33,612
27,613
8,615
33,613
7,615
3,614
8,612
36,612
16,603
36,612
12,603
2,603
36,612
2,624
12,603
25,603
34,613
4,601
10,613
36,613
34,613
26,613
36,603
2,603
33,613
1,613
36,624
14,602
36,602
19,600
46,603
3,600
36,600
15,603
28,603
7,601
24,603
3,603
17,601
31,601
24,601
4,601
36,603
35,601
13,601
3,601
7,603
32,601
18,603
15,595
36,595
28,600
34,600
36,595
36,595
18,600
5,600
2,600
36,593
36,601
5,601
1,601
12,595
14,601
33,595
4,598
1,601
14,598
3,598
36,598
28,601
36,601
33,598
16,601
12,598
47,598
10,598
12,598
11,598
2,601
19,598
27,598
4,598
36,598
19,599
23,599
10,599
9,599
13,599
24,599
10,599
36,604
14,604
7,593
36,598
27,596
14,596
6,596
28,596
16,596
36,596
26,596
14,426
27,426
4,596
29,426
31,599
36,596
15,599
5,123
36,594
34,594
28,594
36,594
24,594
5,245
1,593
5,221
36,594
34,594
36,595
36,595
36,595
36,595
36,592
24,592
36,592
17,592
19,592
36,592
33,593
3,593
36,593
36,593
35,593
3,593
14,593
17,593
27,255
36,593
36,255
35,593
36,255
32,255
6,255
28,426
36,426
2,426
8,426
36,426
8,593
1,596
35,596
2,253
36,253
26,253
33,253
34,253
12,253
36,253
32,247
36,247
9,253
47,253
27,247
8,253
7,253
22,247
36,424
36,245
28,247
36,245
36,418
25,424
36,418
36,424
35,245
20,223
36,245
36,418
1,418
36,418
17,223
17,223
1,416
36,223
49,221
36,223
4,223
36,223
1,221
36,223
19,223
36,223
36,221
36,221
9,221
1,221
23,215
36,221
36,221
40,221
26,244
6,244
31,222
5,222
62,244
1,244
5,244
30,222
2,244
43,220
36,123
12,123
36,212
24,244
11,244
11,245
36,245
3,245
27,220
11,245
11,222
1,222
32,592
7,252
36,252
3,253
12,247
23,247
2,255
6,245
36,221
1,221
20,245
8,245
5,253
11,253
11,222
35,223
18,253
11,253
19,247
12,245
35,245
36,592
25,244
1,121
1,121
36,121
16,759
16,756
16,756
16,757
16,757
14,757
2,757
1,896
16,756
15,757
1,757
1,757
16,757
15,757
16,896
1,735
16,735
16,735
17,735
16,810
1,810
16,732
16,733
2,733
16,733
16,733
16,733
7,733
9,733
17,810
1,733
7,810
9,810
16,810
3,726
13,726
2,726
13,727
16,733
2,727
1,727
16,727
6,727
16,727
16,727
15,810
9,743
10,743
9,743
19,743
15,752
9,756
14,743
15,752
18,754
17,754
31,754
15,754
7,752
35,755
27,755
27,755
33,755
31,753
6,755
9,756
11,753
23,756
13,755
11,756
12,756
7,756
12,756
15,757
7,898
24,743
22,752
39,752
7,752
5,752
36,743
12,752
8,752
1,752
38,752
5,753
26,753
36,752
3,753
36,753
5,753
13,753
51,753
7,753
7,756
6,756
5,756
20,756
3,756
14,756
10,757
9,757
30,757
14,757
12,757
3,757
6,757
1,757
13,757
2,896
29,896
13,896
11,741
7,741
23,741
2,741
36,752
23,752
44,753
24,753
20,753
33,734
40,756
12,756
29,756
12,735
1,757
23,757
1,757
6,757
6,757
11,757
6,757
14,757
4,896
12,896
29,731
20,731
36,731
1,731
2,731
31,731
11,731
33,731
4,731
22,731
2,732
37,731
36,734
20,734
23,734
41,734
36,734
11,734
51,734
46,735
26,735
1,735
13,735
31,735
16,735
3,735
9,735
20,735
28,735
57,735
8,735
18,810
1,810
14,810
32,729
29,729
19,729
4,729
27,730
4,729
26,729
20,731
51,729
29,729
15,729
3,729
12,729
24,732
37,732
25,732
5,732
7,732
5,732
19,732
12,729
40,732
41,732
1,732
2,734
22,732
8,732
13,732
20,733
29,733
12,733
3,733
13,733
5,733
8,733
15,733
12,733
12,735
14,733
11,733
7,733
9,810
23,810
15,733
10,810
1,810
10,810
28,810
23,729
32,722
36,723
8,722
14,723
8,729
27,723
50,723
34,723
21,723
8,723
6,723
20,723
31,726
2,726
31,726
20,726
26,726
16,726
23,726
1,726
15,726
1,726
1,727
13,733
13,733
11,733
1,727
11,727
2,727
12,727
18,727
1,727
1,727
15,727
28,727
1,727
1,810
1,810
54,720
49,720
40,720
36,723
55,634
15,634
20,720
8,720
51,721
3,735
5,723
5,634
3,720
33,721
19,721
24,721
15,721
35,721
2,721
29,721
1,724
59,721
14,726
15,721
36,723
61,724
21,724
5,726
20,726
49,726
4,724
5,724
37,724
43,725
25,724
22,726
1,725
38,725
8,725
3,635
2,721
20,727
20,725
6,725
22,725
44,727
48,725
3,725
26,725
20,634
17,634
32,634
33,635
34,634
3,634
20,635
10,635
13,635
41,635
11,635
53,724
26,724
16,724
51,635
5,635
5,635
16,635
47,633
8,635
26,635
36,635
34,635
53,638
47,638
26,638
48,638
8,638
21,638
40,638
6,638
36,639
16,639
41,639
44,639
5,639
36,639
26,639
5,639
47,632
35,632
20,633
20,633
1,633
21,633
13,633
5,633
2,633
6,633
26,633
36,633
30,633
24,633
5,638
40,636
5,636
1,636
38,638
45,636
45,636
46,637
40,639
8,639
34,637
1,637
10,725
16,637
64,637
8,637
8,637
48,637
1,637
20,637
42,639
11,637
20,632
34,633
5,633
21,633
20,627
16,627
34,627
1,627
20,630
35,636
20,630
24,636
34,636
2,636
43,630
29,636
26,630
3,631
21,631
20,631
5,637
2,636
52,802
2,802
21,800
1,801
1,801
8,800
8,802
8,802
29,802
41,802
37,803
19,803
2,803
47,803
49,803
2,802
11,801
40,630
24,627
17,630
7,630
9,630
54,631
33,631
13,631
34,631
16,631
26,631
10,631
7,631
5,631
6,631
46,631
13,800
54,637
5,637
39,800
14,800
37,800
3,800
27,800
8,800
32,800
3,801
21,801
12,801
32,801
29,631
15,631
40,778
34,800
54,778
53,801
1,801
2,801
4,630
1,802
40,727
26,727
12,725
21,725
5,808
5,803
5,810
21,727
40,725
4,725
36,802
31,808
21,808
21,808
14,808
52,808
2,808
36,808
19,802
4,802
37,802
18,808
41,810
12,808
20,808
36,802
26,809
29,809
13,808
41,809
2,809
36,809
21,809
13,803
21,803
21,803
21,809
4,803
46,803
4,809
27,809
13,809
23,809
36,812
46,812
36,812
46,803
36,806
33,812
21,806
36,804
2,806
20,806
20,806
41,806
36,806
20,812
23,806
5,807
5,806
5,806
5,806
5,806
5,812
38,807
20,806
36,807
20,806
45,807
20,807
20,807
36,807
41,898
45,898
4,815
5,897
5,814
5,815
4,814
2,896
32,899
11,896
36,899
7,898
26,899
7,898
4,899
38,899
7,899
1,899
7,899
7,899
7,899
53,899
6,897
9,899
34,897
47,902
39,902
36,896
59,896
15,896
7,896
19,897
15,896
7,896
24,897
46,897
5,897
3,897
52,897
48,897
31,897
28,900
20,900
48,900
40,896
25,810
1,811
7,811
52,811
7,814
7,897
31,814
39,814
48,815
7,815
4,897
4,899
1,897
36,815
1,826
1,826
24,826
47,811
33,811
27,811
38,811
18,811
5,811
42,814
7,814
7,814
29,814
52,814
7,815
27,815
17,815
24,815
10,815
48,815
29,826
30,811
47,811
39,809
29,814
26,812
30,814
4,812
48,812
4,813
36,813
46,815
48,813
30,813
33,815
34,826
30,812
26,813
33,813
28,813
21,813
27,813
39,813
38,807
25,801
39,801
12,801
36,804
30,801
17,804
5,804
13,804
36,804
5,804
36,804
34,805
36,805
9,804
2,779
12,805
41,805
28,805
31,801
15,801
22,779
3,779
34,779
2,779
7,779
9,779
36,804
3,779
36,779
16,779
25,779
34,804
40,782
34,782
13,778
34,778
3,778
7,778
11,778
6,778
3,778
9,778
21,779
4,779
12,779
36,779
31,607
3,778
33,776
13,776
12,776
12,776
13,776
22,777
16,777
22,777
10,777
12,777
27,777
23,777
7,777
20,780
29,780
17,780
2,772
34,780
9,770
22,770
7,770
6,776
4,770
7,770
10,770
20,770
19,770
40,771
6,771
13,771
2,771
36,771
26,777
29,771
37,774
1,780
37,774
2,774
28,774
26,774
33,774
34,775
8,770
24,770
12,768
29,768
17,771
46,771
9,771
3,768
12,769
32,769
28,771
24,769
18,771
36,774
1,771
10,774
26,772
8,772
19,774
28,774
37,772
25,772
28,773
1,768
22,768
18,768
32,769
22,769
12,769
39,769
16,769
7,769
10,769
20,769
26,772
22,772
25,772
4,772
11,772
27,772
4,430
32,773
28,769
15,430
25,430
17,430
32,430
6,772
11,430
36,772
24,773
27,430
6,430
11,773
12,769
9,430
22,430
2,772
12,428
12,430
5,428
12,428
13,778
13,778
13,778
13,778
13,778
13,778
13,779
13,607
13,776
13,776
2,778
10,776
10,776
10,776
10,779
13,779
13,776
13,777
13,777
10,777
13,779
6,779
10,777
5,770
13,777
13,777
6,777
6,777
4,777
1,607
3,777
4,777
11,776
13,776
10,776
13,770
5,776
10,770
13,776
13,770
13,776
13,770
13,777
13,777
10,770
10,770
13,770
13,770
10,768
6,770
13,768
13,770
13,768
2,768
13,768
7,768
10,768
10,768
13,768
13,768
7,770
6,770
7,771
8,771
6,771
7,771
8,770
7,768
7,771
9,771
10,771
16,819
14,819
34,818
18,818
14,819
48,805
5,818
7,0
24,818
20,818
44,819
27,818
5,819
15,817
17,816
14,816
14,817
17,805
17,805
12,816
26,816
8,0
8,817
18,817
7,0
24,816
14,816
9,0
17,817
11,0
9,817
40,805
17,816
4,0
28,816
12,816
13,816
40,817
4,0
13,0
17,805
11,0
17,816
16,816
40,816
17,817
23,817
17,817
14,0
18,782
17,783
17,783
50,783
6,783
17,783
11,816
18,794
14,795
14,795
17,782
17,782
5,782
14,783
35,794
5,794
17,794
47,795
10,0
17,795
13,782
6,782
16,782
16,783
17,783
15,783
17,794
32,794
14,795
16,782
15,782
17,783
11,0
20,794
20,795
28,795
17,782
48,782
15,782
17,782
15,783
16,783
23,783
16,794
10,794
16,794
17,795
14,795
41,783
17,783
28,794
4,0
17,794
4,0
15,795
12,780
38,780
17,781
5,792
35,781
23,794
17,795
17,795
17,795
6,780
17,780
13,781
17,792
9,0
16,792
46,792
14,792
12,0
14,793
16,793
14,793
20,780
13,0
38,781
23,781
14,781
17,781
10,792
17,794
18,792
23,793
5,0
17,793
49,793
14,0
17,780
17,780
14,781
17,781
12,781
17,781
6,781
10,0
16,792
17,792
16,793
17,793
30,796
5,796
14,796
9,796
23,780
29,781
17,781
12,781
16,792
43,792
17,792
4,0
17,793
38,793
15,793
13,793
11,0
46,796
7,780
9,775
17,781
23,786
23,792
28,793
19,790
17,774
14,774
16,786
7,0
17,787
27,787
17,787
14,787
23,790
52,775
14,775
4,0
12,0
15,786
16,786
50,786
36,787
3,783
16,786
13,787
10,787
16,787
15,790
10,787
16,786
6,264
11,787
22,787
13,787
4,264
37,775
15,786
37,787
16,787
11,264
17,775
16,786
34,786
15,787
5,787
13,790
15,787
50,790
33,790
22,775
17,786
26,784
22,786
2,790
16,775
13,784
31,790
19,775
14,775
2,775
17,773
46,775
17,775
17,784
12,784
1,784
35,784
7,784
17,784
16,784
44,785
19,785
14,785
23,787
46,785
15,785
17,788
17,788
17,773
22,773
15,773
15,773
22,773
50,773
40,773
38,784
4,784
38,784
17,784
16,784
45,785
16,785
1,785
44,785
14,785
46,430
17,430
7,784
40,431
18,785
40,630
20,630
41,628
32,628
34,628
36,629
37,629
38,629
13,629
41,629
10,629
36,629
37,624
42,606
34,606
37,606
41,625
6,625
22,625
37,628
48,606
37,606
37,607
42,607
8,607
2,628
36,628
18,607
2,607
37,628
37,629
10,607
42,607
36,629
41,776
5,603
22,604
30,604
11,606
4,606
11,606
25,606
45,604
3,604
35,604
31,606
30,604
10,606
41,605
3,605
20,607
37,607
41,607
36,605
36,605
37,605
41,604
46,605
3,599
19,596
42,605
16,599
33,599
1,599
39,599
12,605
37,605
15,599
10,596
5,599
42,599
8,596
2,596
36,597
41,597
35,597
8,597
4,768
41,768
12,768
37,597
36,597
42,597
4,597
41,597
36,426
36,427
37,426
41,427
36,427
11,768
5,606
5,606
5,607
6,427
3,427
43,427
17,427
1,427
43,427
41,427
45,425
18,427
5,425
10,425
36,425
42,425
37,425
9,425
2,425
48,428
37,425
40,425
38,428
18,419
20,419
1,419
43,419
41,428
30,419
42,419
42,419
23,417
43,419
36,417
41,417
1,416
7,417
11,417
40,417
37,417
21,417
47,417
43,398
1,417
41,398
41,396
2,426
24,426
42,424
22,424
5,426
35,424
2,424
41,424
1,424
2,418
37,418
41,425
49,418
6,419
16,418
51,398
4,431
11,430
28,428
2,428
43,428
17,430
1,430
41,431
12,428
44,419
4,428
4,420
36,419
43,428
32,429
7,429
2,422
20,422
3,422
17,422
40,422
2,419
36,422
42,420
5,422
38,422
18,417
31,422
1,422
23,422
2,420
5,422
3,420
12,422
40,420
47,420
5,420
2,420
39,422
15,420
9,420
31,421
4,420
19,420
13,420
11,420
1,420
40,420
43,398
5,420
36,399
2,399
26,399
42,398
17,399
40,396
31,396
4,396
44,399
9,399
44,396
11,396
1,396
4,396
2,396
4,396
3,431
43,431
34,788
43,788
7,442
38,442
7,442
1,442
9,442
45,442
1,442
17,442
47,431
41,431
7,431
1,431
48,431
40,429
4,434
5,429
4,442
5,431
1,431
28,431
17,442
1,442
47,442
28,442
4,442
7,442
7,442
42,440
47,440
47,441
15,441
16,443
1,441
7,441
19,429
42,429
47,429
36,429
13,429
47,429
15,440
5,440
36,440
48,440
12,440
2,440
4,440
11,440
1,423
47,423
6,423
17,440
1,440
43,434
4,422
26,423
42,423
1,423
42,423
3,423
38,423
5,423
38,434
2,434
4,434
46,434
7,431
2,429
36,434
10,434
3,434
12,434
51,423
21,423
11,423
1,421
26,421
2,399
11,421
1,421
42,421
4,421
47,421
8,432
7,434
4,432
28,432
1,432
13,432
2,432
10,421
3,432
47,434
5,432
2,432
34,421
41,421
17,399
1,421
47,421
7,399
6,399
42,399
1,399
36,432
36,432
9,432
27,432
33,399
10,399
2,397
4,397
3,397
4,397
2,397
53,396
45,397
8,214
21,397
17,397
12,397
32,397
19,397
27,955
30,958
44,959
33,959
25,1003
50,1003
50,1006
29,1007
31,938
25,1006
33,1007
40,1003
32,1006
33,1006
27,1007
52,1007
34,1007
38,1002
38,1002
33,1006
32,1006
35,1006
33,1007
1,959
30,1003
51,1002
53,1003
6,1006
19,1006
24,1007
51,958
4,1002
35,1003
33,1002
14,1003
28,1002
35,1004
51,1007
29,959
34,959
30,1003
30,1003
32,1002
29,1005
12,1004
12,1005
32,1007
28,1023
25,1018
50,1022
34,1018
22,1022
7,1019
18,1022
3,1018
21,1018
21,1018
21,1019
21,1022
42,1022
15,1018
8,1018
3,1018
20,1019
1,1019
15,1022
32,1018
23,1018
7,1019
9,1011
51,1019
4,1005
21,1019
9,1019
20,1019
21,1022
38,1018
34,1019
9,1019
37,1019
50,1022
23,1023
38,1023
21,1023
48,682
10,954
16,954
1,954
3,954
7,955
12,955
13,955
6,955
30,955
8,955
14,958
11,954
12,954
14,954
30,954
3,955
55,955
13,955
13,955
8,955
44,955
10,955
10,955
7,955
20,955
2,958
48,958
16,958
16,952
4,952
13,952
8,953
9,952
13,953
51,952
7,953
3,953
12,953
49,953
14,956
10,956
22,956
38,958
33,958
34,958
6,952
12,953
43,953
17,953
12,953
53,956
14,956
13,956
24,956
13,956
14,957
24,952
51,952
42,953
13,947
46,953
28,956
12,956
14,956
44,956
15,957
7,957
2,947
37,947
14,947
12,947
14,947
54,947
15,947
13,947
14,947
37,950
25,950
51,950
49,946
51,946
13,947
48,947
14,947
13,947
23,947
13,950
48,950
27,950
44,946
14,945
21,947
50,948
38,948
5,950
7,950
23,948
50,944
50,944
31,945
44,945
41,945
41,945
35,945
48,948
48,944
11,944
6,944
11,944
31,945
14,945
49,945
14,948
15,948
26,948
7,959
10,959
53,959
24,959
16,1000
53,1002
23,1001
50,1004
6,1005
19,1005
14,959
15,958
17,958
6,959
3,959
14,959
15,959
33,1001
23,1004
19,1005
49,959
14,957
5,957
14,957
41,957
6,1000
4,1000
1,995
4,995
4,970
4,951
4,957
43,1000
24,1001
31,1001
43,1004
15,957
13,957
6,957
6,957
9,957
50,1000
27,1000
11,1000
24,1001
10,1000
19,1001
23,1001
28,1001
22,1004
21,1004
40,1005
50,957
9,957
46,957
16,957
38,951
14,1000
39,1000
22,1000
6,1001
27,1001
5,1001
22,1004
19,1004
19,1004
49,1005
2,1005
24,1005
12,1005
12,950
13,951
9,950
14,951
10,951
13,951
12,951
33,951
13,1000
4,995
43,1001
14,995
28,998
9,1005
23,999
6,950
44,951
10,950
8,951
9,951
36,951
16,951
21,994
49,994
24,994
17,994
23,995
14,995
16,995
35,998
26,999
24,999
41,950
6,949
9,949
51,951
37,949
1,994
48,994
11,994
17,995
6,995
26,998
24,998
25,998
21,999
43,949
50,948
13,948
4,949
12,949
3,949
8,949
23,994
17,994
19,995
18,995
23,995
6,995
43,995
5,995
15,995
19,995
26,995
45,998
35,999
18,949
38,949
52,949
49,949
21,994
4,949
38,992
50,994
4,995
20,992
24,993
8,995
48,993
39,996
29,998
26,998
21,998
16,998
17,996
24,999
20,1019
11,1019
5,1019
16,1019
6,1022
21,1005
43,1016
13,1016
52,1018
3,1019
18,1017
25,1022
27,1005
1,1016
1,1016
3,1016
2,1017
2,1017
51,1017
9,1017
48,1016
1,1016
49,1016
6,1017
6,1017
16,1020
20,1020
22,1016
27,1017
6,1020
42,999
1,1016
23,1016
20,1017
27,1017
3,1020
20,1020
1,1020
27,1020
8,999
23,1010
49,1010
55,1016
4,1016
2,1010
39,1017
50,1017
3,1017
23,1011
37,1017
5,1014
17,1014
1,1014
48,1014
8,1020
6,1014
21,999
12,999
47,1010
1,1010
13,1010
2,1010
57,1010
20,1010
2,1011
1,1011
2,1011
4,1011
2,1011
50,1011
19,1014
3,1014
9,1014
6,1014
6,1014
6,999
6,999
1,999
39,999
23,1010
23,1010
49,1011
2,1011
13,1011
27,1014
23,1014
18,1014
9,1014
38,997
22,997
49,1008
2,997
1,1010
13,1008
57,1009
17,1009
55,1011
4,1009
53,1011
50,1011
48,1009
20,1009
35,1014
39,1012
3,1012
24,1023
15,1023
15,1023
15,1023
11,1023
16,1023
3,1023
18,1023
6,1023
15,1023
49,1023
16,1021
7,1023
18,1023
50,682
23,1020
3,1021
36,1021
9,682
16,682
20,680
45,1021
5,1021
23,1021
20,682
43,680
16,682
51,680
48,1020
23,1021
3,1021
4,1021
8,1021
6,1021
9,1021
10,680
6,680
23,1020
5,1021
33,1021
48,1021
3,1023
9,1021
48,1021
6,1021
45,680
13,1015
6,1014
9,1020
40,1020
6,1015
6,1015
24,1015
35,1015
6,1014
9,1014
48,1015
6,1014
4,1014
6,1015
39,1015
21,1015
10,1015
6,1014
6,1015
19,1015
32,1015
6,1015
7,1015
34,1014
6,1012
6,1013
6,1013
49,1013
10,1012
6,1013
4,1013
6,1012
6,1013
10,1015
19,1013
24,1013
24,1015
48,1013
1,1013
34,1013
10,1013
5,908
3,910
51,911
4,910
17,911
13,911
16,911
53,911
56,922
15,944
2,944
31,922
55,922
10,901
4,912
46,910
7,910
4,910
2,910
10,910
10,910
9,910
17,911
17,911
7,911
11,911
11,911
42,911
11,922
11,922
9,910
13,910
8,908
8,910
5,908
15,909
55,910
8,911
8,909
49,911
38,909
9,909
52,909
26,922
13,920
43,920
3,908
39,908
11,908
4,908
10,908
4,909
4,909
1,909
9,909
41,909
3,909
18,909
37,920
27,920
14,920
9,908
4,908
44,908
2,908
10,908
2,908
56,909
14,908
2,908
4,908
4,909
4,909
3,909
1,909
11,909
18,909
42,920
4,909
11,920
38,920
7,920
11,908
5,902
2,908
49,902
14,902
47,908
9,902
16,909
52,903
3,909
43,903
5,903
39,914
8,902
2,899
1,899
2,902
8,902
53,902
11,902
14,903
12,903
43,903
4,903
12,903
12,903
43,903
45,914
4,900
9,903
50,914
63,899
7,899
7,902
1,902
10,902
49,903
7,903
8,902
7,903
5,903
5,903
15,903
43,914
12,912
53,914
11,912
48,900
43,900
5,900
7,900
7,901
53,901
12,901
12,901
47,901
12,901
12,912
48,912
38,912
11,912
48,912
7,900
8,826
5,900
48,900
7,901
6,901
43,901
43,901
12,901
9,912
6,912
44,912
27,922
50,923
52,923
50,923
46,926
12,922
47,922
36,926
14,926
5,921
32,921
50,923
51,923
29,923
46,926
11,926
5,926
11,921
52,921
6,921
11,921
11,921
48,921
29,921
47,924
49,924
49,921
11,921
11,921
14,921
48,924
11,924
11,914
11,914
36,915
36,915
5,915
1,915
50,915
11,915
36,921
11,918
5,918
54,918
4,918
55,915
11,915
44,918
11,918
51,918
46,918
48,915
43,913
29,913
14,915
38,915
6,918
11,916
11,916
30,916
12,913
44,913
5,913
11,916
51,916
1,916
50,913
51,913
11,913
10,913
46,913
15,916
54,916
4,916
7,916
25,916
39,926
49,927
37,927
41,992
20,992
37,992
21,992
18,993
2,993
46,926
28,927
3,927
36,927
19,992
21,992
44,926
38,927
4,927
51,927
35,927
41,970
50,992
20,970
42,924
38,927
4,925
38,925
22,970
42,970
43,925
37,970
18,971
40,924
37,925
36,925
44,925
57,925
38,925
36,970
18,970
5,970
37,970
40,971
49,971
10,973
25,971
5,918
46,918
3,919
34,919
38,919
45,968
42,968
15,968
4,968
42,969
5,968
36,969
37,969
34,969
2,918
33,919
38,919
32,919
45,919
9,919
34,968
53,968
32,968
18,968
52,962
39,962
38,963
51,963
2,916
46,917
56,919
40,917
3,962
31,962
42,962
7,962
10,965
38,962
36,962
41,963
8,963
38,961
6,917
12,916
47,917
1,917
47,917
1,917
37,960
7,960
24,960
40,960
3,960
22,961
49,916
44,917
34,917
4,917
48,960
19,917
37,960
35,875
34,960
9,960
1,961
39,993
18,996
8,996
17,996
24,993
38,993
42,993
20,993
26,996
5,997
25,993
38,971
24,974
54,996
20,996
20,974
17,996
50,996
5,996
30,975
18,997
46,997
16,986
49,974
39,974
22,974
43,974
22,975
20,975
31,975
32,975
17,986
4,986
23,986
22,971
40,971
17,971
47,971
51,974
28,975
34,975
33,975
24,975
38,986
17,986
16,986
38,972
22,974
27,972
24,972
22,972
20,972
1,973
20,973
39,975
32,975
47,973
4,973
32,973
14,973
12,973
37,973
31,973
21,973
36,986
17,986
26,984
16,986
42,986
38,969
47,969
55,969
21,972
39,966
20,966
37,972
56,966
38,972
4,966
45,972
20,967
38,973
35,973
2,973
21,967
28,967
37,984
57,984
21,963
20,963
43,963
38,963
20,966
39,963
38,966
20,966
40,967
6,967
19,967
31,967
33,967
38,967
26,967
37,978
2,978
7,961
44,961
34,961
39,961
40,966
38,961
20,966
20,964
24,964
52,964
4,964
41,967
21,964
22,964
20,964
23,965
10,965
34,965
34,965
38,965
22,967
22,965
25,978
36,978
46,961
39,964
17,961
43,875
38,964
24,964
24,965
41,965
29,965
21,976
25,965
8,878
36,878
21,997
25,997
22,997
53,1008
20,1008
23,1009
12,997
39,997
16,997
20,997
1,987
1,997
1,997
23,1008
36,1008
34,1008
2,1008
1,990
3,987
4,987
7,987
56,987
17,987
3,987
43,987
14,987
18,990
4,986
50,986
25,987
35,987
2,987
33,987
33,987
25,987
49,990
21,990
26,990
31,990
55,990
32,984
2,984
11,984
24,985
1,985
19,985
49,985
25,985
48,985
1,985
25,985
37,988
2,988
1,988
45,990
12,988
4,988
44,988
42,984
15,978
1,984
30,978
37,984
18,985
28,979
36,979
26,985
22,979
23,979
39,985
2,985
19,988
23,979
13,988
1,979
16,982
1,982
9,982
45,978
3,978
37,978
21,976
12,976
16,976
47,978
39,976
10,979
31,977
14,979
27,976
9,976
22,977
43,977
18,979
1,977
40,979
32,977
53,979
29,979
26,977
23,982
35,982
40,982
11,982
49,982
38,982
5,878
34,976
2,879
50,879
2,976
21,976
25,879
1,879
24,879
19,879
33,879
1,976
35,976
44,890
29,977
43,890
24,977
25,890
57,890
39,977
1,891
25,891
2,890
21,891
24,977
52,891
38,980
4,879
45,879
22,879
24,879
24,879
19,879
18,877
18,877
32,879
51,890
38,877
41,877
23,888
39,888
1,890
25,890
44,888
45,888
23,888
1,890
30,888
25,889
23,888
38,889
44,891
21,889
3,891
22,889
47,889
33,877
25,877
28,877
21,877
36,877
20,877
47,882
23,880
22,888
27,882
42,882
1,888
54,882
44,889
22,882
54,882
35,882
11,882
21,883
37,889
22,889
44,883
38,883
56,1009
20,1009
24,1009
19,1009
20,1009
48,1012
5,1012
6,1012
20,1012
6,1012
20,1012
52,1012
10,1012
16,1012
6,1012
20,1012
1,990
2,990
37,990
43,991
24,991
22,991
24,991
51,991
14,989
42,989
29,988
23,988
35,988
13,983
44,988
21,989
23,989
10,983
42,982
3,980
52,983
2,983
23,983
24,980
21,983
52,980
12,983
24,980
21,983
41,980
24,983
22,983
40,981
50,980
18,980
8,891
25,894
42,894
18,980
1,894
27,894
43,895
42,894
38,981
12,981
10,981
10,895
20,895
50,895
19,891
38,891
19,894
17,889
44,892
38,892
13,892
45,894
41,894
29,894
38,892
44,893
8,895
13,893
12,895
38,893
14,895
33,883
12,889
25,892
30,892
38,883
7,883
35,892
38,886
38,886
5,892
6,892
13,886
8,886
8,892
22,893
21,893
9,887
18,893
21,887
1,887
3,883
12,881
46,883
4,881
45,881
3,886
40,886
43,886
13,886
5,886
13,886
17,886
53,886
12,886
21,887
24,887
46,884
9,881
16,881
52,884
28,884
39,884
40,884
7,884
14,885
58,885
7,885
40,885
22,885
21,885
29,862
1,884
9,884
2,885
8,862
40,862
14,862
41,885
44,863
40,863
50,862
40,862
20,862
3,862
44,862
1,862
21,862
50,860
40,857
12,860
17,860
22,860
1,860
50,860
44,857
45,857
34,857
51,857
3,857
14,857
40,860
30,860
9,860
1,860
4,860
40,860
57,851
13,851
3,851
1,851
4,851
49,851
13,851
11,851
3,851
41,854
4,1005
41,851
55,852
16,854
16,854
13,854
4,854
21,983
21,983
18,989
10,983
42,895
23,895
1,895
47,895
23,893
21,893
42,893
48,887
14,893
41,887
25,887
4,887
1,887
6,887
50,887
25,885
14,885
48,885
39,863
31,863
25,863
12,861
41,863
20,863
21,863
50,861
12,855
1,861
23,861
36,863
34,863
4,887
39,885
22,893
30,893
34,887
1,1013
28,1013
8,1013
28,1013
6,991
24,991
5,991
4,991
14,991
15,989
6,991
48,991
41,991
9,991
40,989
23,989
9,983
6,989
6,983
43,983
23,989
6,983
6,983
7,981
49,981
2,983
3,981
11,981
2,981
33,981
6,981
17,981
6,895
43,895
20,895
9,887
48,989
5,823
5,822
5,820
5,822
5,818
5,826
51,826
42,826
41,827
38,827
8,827
42,827
24,830
9,830
9,826
50,827
13,827
12,827
51,827
9,826
38,826
3,826
9,827
11,827
9,827
17,827
29,830
46,830
9,830
9,830
48,830
9,824
2,824
9,824
9,824
36,824
4,807
4,820
9,827
44,824
48,825
54,825
4,825
16,825
1,825
21,825
20,825
20,830
2,828
20,830
49,828
2,824
55,824
4,818
9,824
9,824
39,824
49,824
9,825
9,825
40,825
2,828
21,828
20,828
50,828
9,807
2,807
4,818
9,818
46,818
9,818
13,819
9,819
45,825
9,819
9,825
9,819
9,825
52,819
9,822
20,828
20,822
14,822
24,822
20,828
50,807
9,807
9,818
2,818
9,818
9,818
9,818
43,818
38,819
9,819
9,819
9,819
9,819
9,820
57,822
20,822
20,822
27,819
9,817
9,819
9,817
39,820
33,820
20,820
41,820
12,820
52,817
9,795
9,820
11,817
51,798
10,817
1,798
9,820
9,820
9,798
20,820
24,798
9,820
9,795
24,798
10,795
22,795
33,796
9,798
9,798
9,796
48,798
9,798
33,798
9,798
9,796
42,796
9,796
8,798
26,796
6,796
49,790
8,791
4,796
9,796
8,796
32,797
1,797
39,797
45,791
4,790
6,790
8,790
7,830
54,830
6,831
24,831
2,874
7,874
16,831
47,831
14,831
47,831
56,872
44,872
7,831
6,831
6,831
31,831
38,831
21,831
19,831
52,828
20,830
9,828
2,828
9,829
20,829
14,831
51,829
20,829
46,829
41,829
20,866
1,866
53,866
24,866
20,828
20,822
24,822
44,829
2,823
19,829
20,829
2,829
19,823
19,829
27,866
16,864
1,822
2,822
44,822
24,822
20,823
2,822
52,823
45,823
9,823
19,823
9,823
43,823
20,823
50,823
10,864
54,864
16,864
47,820
6,821
20,821
24,821
9,821
9,821
8,821
17,821
38,821
8,821
8,842
40,864
14,821
9,798
40,821
15,798
15,798
16,821
10,799
6,821
55,821
8,799
7,821
37,799
4,799
8,821
44,799
8,842
8,842
23,842
46,799
8,799
40,799
8,799
38,799
18,799
45,799
49,842
16,797
3,797
16,797
8,797
56,797
17,797
28,797
37,797
6,797
8,797
42,874
34,874
12,874
5,874
21,874
42,874
1,870
51,874
3,875
38,875
46,872
1,872
55,874
30,872
1,872
2,872
13,872
38,872
49,873
10,873
1,872
43,866
56,867
2,867
1,872
22,866
12,866
18,867
7,867
34,867
34,867
11,867
11,867
42,867
20,867
50,870
5,960
5,842
4,983
4,1001
4,443
4,687
1,443
50,866
38,866
43,867
19,867
1,864
7,865
7,865
2,865
39,868
22,864
8,864
33,864
33,864
34,865
23,865
9,865
30,865
20,865
5,864
15,842
27,865
3,842
31,865
48,865
20,865
5,843
20,843
48,842
7,842
14,842
13,842
7,842
18,842
17,842
9,842
46,843
11,843
22,843
17,843
27,843
48,843
3,842
9,840
50,840
20,843
2,843
1,840
48,840
5,840
15,840
37,841
36,841
3,841
22,841
20,875
54,875
30,875
38,875
38,875
2,875
43,873
24,873
38,873
23,873
1,878
24,878
38,876
42,878
24,878
17,876
16,878
25,876
7,976
20,878
22,878
33,878
11,876
24,878
25,876
16,873
36,873
49,873
23,873
34,870
24,876
30,876
19,876
30,871
21,876
21,871
21,876
28,870
28,870
19,870
21,870
46,870
20,870
24,870
24,870
12,871
11,868
8,868
28,868
4,870
37,868
1,868
2,843
34,868
32,843
1,868
34,846
12,843
37,843
7,846
23,841
15,841
5,841
12,841
2,841
2,844
4,844
6,835
4,835
11,841
3,960
2,841
5,841
3,835
2,841
4,841
48,838
16,835
54,835
4,835
4,835
7,835
2,835
7,835
6,838
3,838
18,833
1,833
2,833
1,833
5,836
33,447
24,833
19,791
10,915
26,791
15,791
7,791
15,791
8,791
3,791
47,791
8,791
47,797
20,791
7,791
4,791
42,791
52,791
35,840
5,788
29,789
1,834
38,788
10,788
3,788
2,788
8,788
3,788
1,788
28,789
55,789
35,834
29,788
9,788
9,788
1,789
8,789
7,788
10,788
2,788
7,789
8,789
43,789
7,789
8,789
13,789
31,789
4,789
1,789
11,832
53,834
3,788
35,442
8,442
5,789
3,789
8,443
2,789
2,789
1,443
8,789
45,789
24,832
2,789
1,832
1,832
43,443
5,443
2,443
2,443
3,443
6,443
16,443
1,443
19,443
5,443
32,443
4,791
4,832
6,443
1,443
2,443
1,443
7,443
46,441
2,443
5,443
2,443
4,443
3,441
18,443
4,872
1,441
26,441
2,441
2,441
4,441
1,441
39,435
11,435
50,840
5,840
3,834
17,840
5,840
2,840
18,840
30,834
7,840
1,841
39,841
20,835
29,841
7,841
27,841
2,835
17,834
1,834
12,834
4,842
4,441
4,444
1,446
4,444
1,438
4,834
32,834
45,835
7,835
50,835
8,835
22,835
7,835
7,835
2,835
29,835
7,835
1,832
48,834
46,834
32,832
6,832
6,832
9,832
6,832
11,832
24,833
1,833
14,833
2,833
6,833
51,833
16,833
28,833
37,833
4,835
1,443
8,443
43,443
41,832
35,446
4,1004
4,1007
37,832
4,832
4,446
3,446
38,832
14,832
8,446
32,446
6,446
51,446
2,446
3,433
3,832
33,833
1,833
1,447
47,441
16,443
8,441
3,443
43,446
5,446
6,446
39,446
1,444
20,444
1,446
33,446
1,444
27,444
1,446
18,444
32,447
32,447
13,447
1,447
10,447
37,444
2,444
6,441
9,435
8,441
31,441
38,441
6,444
33,444
46,438
38,444
22,444
1,444
1,444
3,444
7,444
46,433
6,435
6,433
45,435
7,435
33,435
10,435
33,438
1,438
33,438
33,438
1,438
5,438
8,438
6,438
1,438
41,438
9,438
1,438
1,438
1,438
2,438
1,438
50,435
8,433
30,433
4,433
42,433
1,433
44,436
32,436
45,436
9,436
2,436
17,436
17,436
33,436
1,414
41,414
45,414
9,414
38,432
43,410
23,410
26,410
40,399
13,397
41,410
35,410
41,410
30,408
38,397
35,408
7,391
36,408
39,408
13,408
4,391
25,391
33,397
13,397
5,397
21,397
4,391
2,397
2,397
17,391
11,390
24,391
29,391
48,390
5,391
5,390
14,390
1,390
52,390
1,391
44,391
43,390
26,389
50,389
6,389
36,408
29,391
35,402
30,391
41,391
25,391
3,391
22,391
21,389
35,389
30,389
4,297
33,402
31,402
8,402
24,402
31,400
34,400
16,402
33,400
34,400
17,400
33,299
33,299
31,299
4,297
5,299
58,299
10,299
1,297
26,297
24,299
7,297
41,297
6,299
25,297
3,400
40,297
32,296
5,297
6,302
17,302
4,302
1,302
4,300
3,300
5,300
4,300
3,294
2,296
18,297
6,291
5,294
6,291
2,400
2,400
17,400
4,400
6,400
5,400
6,400
13,292
5,291
3,289
3,400
40,400
1,400
8,400
2,400
2,400
13,289
1,410
1,410
4,410
2,432
24,410
3,410
2,733
23,411
1,411
7,411
6,408
3,408
8,408
13,409
2,408
22,408
2,408
1,733
8,408
18,409
1,408
6,408
5,402
20,402
15,402
22,402
6,402
17,402
7,402
4,402
3,400
22,402
8,441
14,441
17,434
14,435
30,435
16,435
6,435
14,435
26,433
14,433
1,433
28,433
16,433
1,435
9,433
9,411
10,411
19,411
4,411
17,411
22,433
10,411
4,433
29,411
9,411
16,433
22,411
16,433
6,414
23,411
34,414
20,411
35,411
19,411
20,411
14,411
27,409
9,411
12,409
29,409
3,409
2,636
8,409
4,403
4,299
4,302
4,409
4,409
4,409
4,411
4,302
4,414
17,409
4,411
4,411
4,299
4,403
4,435
13,409
17,409
13,409
9,409
5,409
6,403
8,409
16,403
30,409
26,409
19,403
8,403
16,403
3,403
25,403
3,401
9,403
10,403
37,403
7,403
6,403
4,302
3,409
3,409
3,302
3,409
3,441
3,409
14,403
20,403
3,401
2,400
2,400
28,401
16,401
16,401
16,401
27,401
11,401
5,400
18,401
1,401
20,302
1,401
13,302
18,302
5,299
12,302
4,302
5,302
6,302
3,302
13,302
6,436
1,414
8,414
7,414
3,414
5,414
10,412
2,412
1,412
1,412
1,414
21,412
6,412
6,412
3,412
1,403
7,403
9,403
9,297
26,297
9,297
25,291
4,299
26,297
26,291
19,294
7,294
26,291
26,291
26,291
26,291
24,294
5,292
26,291
28,299
7,297
26,297
26,302
26,302
45,302
13,300
18,300
26,300
15,300
21,302
4,302
2,300
25,300
18,300
22,300
5,300
26,300
28,294
6,292
26,294
41,292
8,291
10,292
1,289
5,292
4,292
16,291
3,291
5,289
1,289
9,292
1,292
3,292
5,292
2,292
8,289
18,289
8,292
6,282
3,414
2,414
4,414
2,412
7,412
2,412
3,412
4,412
17,412
2,412
1,403
2,403
7,412
4,412
7,403
6,403
3,403
10,403
17,403
3,403
6,401
5,401
6,401
3,401
6,401
5,401
5,401
6,401
7,401
6,401
4,303
6,302
4,401
3,302
18,302
10,300
3,302
8,303
7,303
25,300
4,300
5,314
1,314
2,314
4,314
13,314
1,314
2,314
2,314
10,313
12,313
22,313
15,312
1,313
5,313
1,313
1,313
25,313
12,313
32,412
1,412
36,403
32,406
6,406
22,406
6,401
39,401
39,401
13,404
43,404
28,404
14,303
14,315
33,315
1,315
28,303
41,303
39,303
39,303
38,303
30,314
9,314
38,314
18,315
3,315
3,315
7,303
3,303
32,303
29,303
13,314
37,314
4,314
4,301
5,301
31,301
30,301
1,314
29,314
1,314
20,315
38,300
39,301
39,301
39,301
23,312
13,312
3,312
37,313
1,300
36,301
39,301
34,301
34,312
1,312
2,312
41,312
39,294
39,295
11,295
26,295
25,312
32,312
39,294
1,294
3,294
5,295
29,295
37,312
24,312
39,294
3,294
36,295
37,295
2,306
39,294
29,295
35,292
39,295
38,295
10,306
26,306
1,292
1,293
30,293
32,306
36,292
3,292
33,292
39,293
32,293
4,292
32,293
38,293
36,293
38,293
36,292
35,293
5,293
3,293
4,282
35,282
36,283
37,283
29,283
38,283
4,283
2,282
33,282
33,282
38,282
13,282
6,280
11,283
3,283
20,283
14,283
24,280
20,281
37,280
2,280
19,280
21,280
2,280
26,280
2,280
25,280
2,278
1,278
17,278
15,876
37,877
1,871
41,871
25,871
41,871
26,871
7,869
8,868
40,869
8,869
6,871
6,869
25,869
8,869
19,871
42,871
34,871
25,869
39,869
1,869
42,869
4,871
6,882
1,869
7,880
25,880
11,880
43,880
26,844
4,846
43,869
25,846
40,846
41,847
36,847
39,847
4,847
38,844
43,845
4,869
1,869
43,869
40,847
41,847
23,880
42,847
38,847
23,858
33,847
8,845
9,844
4,844
20,845
7,844
43,845
36,845
4,845
38,845
42,845
42,839
42,839
8,837
7,839
4,839
2,404
2,314
25,314
2,314
7,359
35,359
34,358
36,356
30,379
1,367
27,367
3,379
24,379
22,382
22,382
54,382
42,379
24,380
17,380
23,380
20,359
29,365
23,365
27,365
2,379
15,379
36,376
18,377
21,359
13,0
44,359
25,359
27,359
43,378
25,378
24,378
27,376
31,378
29,377
20,378
22,377
18,379
27,379
21,365
26,376
23,376
31,377
24,379
22,377
33,380
29,380
20,379
25,377
14,379
39,378
1,378
27,376
18,378
13,377
26,357
6,357
50,849
33,849
50,849
47,849
50,507
50,495
32,507
46,507
32,495
30,506
4,355
4,489
50,495
32,493
32,495
50,506
32,507
33,493
31,493
50,506
50,493
33,493
33,507
50,493
28,507
32,493
33,493
50,486
50,487
30,506
36,507
5,507
20,506
7,506
6,487
16,505
39,504
7,486
14,506
49,486
8,486
43,504
36,505
55,505
25,504
29,487
40,506
49,505
8,507
56,487
7,486
8,484
6,485
8,484
6,505
62,487
27,487
29,504
1,487
36,487
7,486
4,486
20,504
36,505
28,487
38,504
36,485
49,485
34,487
9,504
1,504
14,505
54,504
20,505
12,498
11,498
24,484
50,498
50,498
3,484
29,498
2,498
36,485
31,499
36,498
13,504
32,484
36,498
26,499
36,498
25,499
7,498
36,496
12,499
29,496
36,485
57,485
57,485
53,496
24,496
36,496
36,496
36,496
50,475
14,475
14,475
20,475
36,474
13,475
42,474
36,475
30,474
30,474
36,474
1,474
36,474
36,474
7,472
25,472
6,472
36,466
40,466
20,466
20,466
43,466
36,466
36,474
3,498
2,474
4,474
22,861
23,852
48,861
11,861
10,861
4,861
48,854
48,855
48,861
17,854
56,854
2,854
48,853
48,855
48,855
48,852
47,853
4,853
46,853
48,853
48,852
56,852
2,852
20,853
1,861
10,853
33,861
5,860
32,861
35,855
36,855
36,854
36,855
34,855
36,852
36,855
36,853
27,853
2,511
36,511
36,511
1,511
11,508
34,510
36,510
36,511
36,509
13,509
36,509
36,509
36,508
36,508
36,508
36,510
36,510
11,511
60,511
36,511
48,510
10,510
53,511
48,511
48,510
17,510
48,509
37,509
45,509
28,509
36,509
3,509
11,508
36,503
36,505
20,505
36,508
36,508
36,499
11,499
36,502
35,502
36,508
36,503
3,502
36,502
12,502
48,502
48,503
16,497
36,478
4,478
53,478
56,478
48,500
48,500
12,478
5,500
11,502
61,500
61,502
50,503
48,501
12,476
12,478
25,477
3,477
48,477
7,479
36,478
59,501
36,479
36,479
56,501
48,477
5,477
5,479
36,479
56,501
36,479
12,479
1,479
4,465
4,505
48,477
41,477
48,469
57,501
50,500
36,477
21,501
13,478
31,503
20,501
36,479
12,503
36,503
33,479
23,508
36,499
21,497
36,499
29,502
36,503
36,503
36,479
36,503
36,477
36,479
27,477
36,469
31,499
48,499
35,497
6,497
44,497
13,475
48,497
1,497
12,497
48,497
8,472
48,475
7,475
48,478
48,470
31,472
4,472
43,473
8,473
7,473
6,475
48,476
52,476
48,476
1,476
13,476
6,473
48,476
48,471
36,476
36,471
14,472
36,470
34,472
36,472
36,473
14,472
36,475
36,475
36,497
29,472
4,472
48,472
55,467
9,466
48,467
61,467
8,470
10,467
5,128
5,466
9,466
6,466
6,466
8,470
48,470
9,464
55,467
3,465
48,468
7,469
9,469
9,465
9,468
48,465
9,469
48,469
5,465
5,469
42,468
39,468
7,465
36,470
17,464
39,465
36,465
38,468
36,468
36,470
36,470
40,469
36,467
36,468
36,469
33,466
36,467
36,468
36,465
6,465
36,473
36,473
36,470
36,471
36,471
48,471
8,473
43,473
3,469
46,471
48,473
8,469
48,469
48,471
48,465
27,465
15,381
6,381
36,381
12,381
36,381
4,381
28,381
29,382
57,382
61,383
61,383
35,382
9,383
36,382
1,383
5,382
7,383
36,383
5,383
36,383
4,383
36,383
36,383
56,381
34,381
1,315
13,315
3,315
5,315
1,315
3,313
5,313
8,313
15,313
3,313
3,313
19,313
8,313
14,313
1,306
3,306
1,306
6,306
8,304
25,306
22,304
1,304
9,304
1,304
9,283
3,283
41,306
1,310
40,307
4,307
4,305
1,311
1,307
1,310
21,307
18,307
1,307
41,306
55,306
1,306
42,307
21,307
41,307
42,307
1,307
1,307
1,310
45,307
36,310
42,310
58,310
3,310
1,311
41,311
1,311
46,311
1,311
1,311
1,307
7,310
41,304
41,304
36,306
42,305
1,305
42,310
16,304
44,311
2,311
7,309
42,311
1,309
7,304
1,305
7,309
42,305
7,305
3,305
1,305
1,305
41,308
1,309
42,309
47,309
3,309
4,307
1,308
1,309
19,308
1,305
19,309
19,308
1,305
21,304
38,305
45,305
2,305
1,305
1,304
1,305
42,308
2,308
1,308
54,309
3,309
39,309
1,309
6,309
1,308
6,309
1,309
6,308
1,308
42,304
1,304
1,304
1,305
2,305
48,305
63,305
1,305
1,305
1,308
40,308
37,308
14,308
44,309
2,308
1,304
19,304
1,286
46,286
35,286
21,286
1,286
1,286
17,286
1,308
42,286
1,286
42,286
1,286
39,287
44,286
1,283
41,283
35,286
43,283
1,284
43,284
1,286
1,284
1,284
1,284
1,284
4,284
4,281
4,286
4,309
1,284
16,283
2,281
34,281
38,281
30,281
40,284
57,285
1,284
36,284
17,284
1,284
1,284
34,285
1,285
41,285
5,284
4,313
43,284
8,284
4,279
4,284
4,285
4,284
43,285
4,285
4,285
43,285
4,285
43,278
6,278
2,278
43,285
43,278
4,279
9,279
1,279
1,279
31,279
28,279
4,279
4,316
20,317
12,317
20,317
4,317
2,317
2,317
38,317
17,317
34,317
17,354
17,354
28,354
21,311
34,311
15,311
33,311
4,352
9,352
4,352
33,352
2,352
4,352
52,352
3,352
3,352
2,352
10,356
19,353
3,353
7,353
28,352
3,352
5,353
1,353
7,353
4,353
2,352
50,353
20,353
22,352
49,353
12,353
4,353
7,352
43,352
1,352
8,353
3,287
4,287
9,356
6,287
4,352
5,287
3,352
11,352
6,353
57,287
4,287
4,352
3,287
5,352
5,352
1,352
8,352
26,287
9,287
3,287
4,287
6,287
20,287
42,287
10,287
39,287
42,285
5,356
18,356
4,316
2,316
1,310
2,316
2,317
29,310
1,311
12,311
2,311
1,311
3,310
53,310
3,311
14,311
1,311
11,311
2,311
1,311
1,309
2,309
25,309
1,309
3,352
1,309
1,309
7,309
2,309
6,287
22,287
7,287
35,891
17,891
1,889
44,891
3,883
40,883
17,889
37,883
4,880
44,880
34,881
44,881
44,881
39,880
44,881
5,881
6,881
39,881
44,858
4,881
44,858
44,859
4,858
39,859
5,859
44,859
11,858
5,858
39,858
4,858
44,858
5,859
5,859
5,859
39,859
44,845
5,858
44,856
44,858
44,859
44,856
44,859
36,859
36,868
7,846
44,868
44,846
36,846
44,846
6,846
20,844
2,844
36,844
39,844
6,841
44,844
5,844
5,844
4,838
44,838
2,838
42,838
2,838
44,838
21,838
36,836
2,838
42,839
6,836
36,838
5,836
44,836
5,447
2,836
6,836
44,836
36,836
2,444
28,445
1,445
43,444
36,447
44,445
5,447
36,447
7,439
39,447
44,439
3,436
44,438
36,436
44,437
26,437
20,438
33,439
39,439
4,437
33,437
8,839
6,839
30,839
44,836
39,837
5,836
36,836
37,447
3,837
44,445
23,447
44,445
16,447
34,445
2,445
37,490
45,445
4,480
5,445
23,445
36,439
26,439
11,439
4,439
39,439
13,439
13,439
21,439
5,439
39,488
25,437
39,437
44,437
38,437
20,437
43,437
6,482
43,414
21,414
43,415
20,415
27,415
43,415
8,415
6,415
38,480
25,480
36,414
8,415
7,415
33,415
7,415
1,415
5,480
6,415
7,458
43,458
43,839
38,845
38,837
43,839
9,839
38,490
43,837
43,490
43,837
14,837
43,837
5,490
5,490
43,490
14,491
43,491
39,491
43,490
42,490
13,488
43,488
36,490
7,488
43,488
43,489
43,491
6,488
43,488
6,488
43,488
1,488
14,489
44,489
44,483
44,482
44,482
23,482
7,482
8,482
40,482
44,483
16,483
40,483
38,483
7,480
10,480
26,482
44,480
12,480
44,482
5,480
5,481
1,483
40,481
10,480
44,480
44,480
10,458
6,480
33,459
44,459
39,481
3,462
44,856
44,856
44,850
3,856
44,856
4,856
1,856
44,856
44,857
1,856
44,839
44,850
4,850
44,850
4,850
44,850
44,850
4,858
7,850
5,851
40,851
3,851
44,837
6,850
44,848
39,848
44,848
11,848
40,849
5,849
40,850
1,849
3,849
1,849
1,849
44,851
40,491
44,848
43,494
5,494
7,494
44,494
10,494
44,848
16,494
20,495
7,848
7,849
7,495
40,849
44,495
40,507
44,491
44,491
44,494
17,494
39,494
5,492
6,494
1,494
44,494
1,494
24,495
1,495
44,495
44,492
45,491
17,489
44,489
21,489
44,492
39,492
8,492
1,492
5,492
35,492
44,489
31,489
11,483
17,492
15,489
16,492
44,492
19,483
30,483
14,483
44,483
16,486
23,486
40,486
5,486
14,486
38,486
39,481
44,481
44,481
2,481
18,483
39,481
44,484
17,484
44,484
39,484
6,484
5,484
30,462
14,462
44,481
11,463
17,484
29,463
40,463
12,484
36,412
21,412
38,406
10,406
43,406
22,406
35,406
7,404
39,404
43,404
36,404
36,404
43,314
39,412
9,412
39,413
38,413
44,413
44,415
22,413
2,413
44,413
36,415
21,413
8,413
38,413
42,415
33,458
44,456
39,406
43,406
22,407
44,407
39,407
44,407
8,413
36,413
28,407
44,407
27,407
5,407
44,456
5,456
4,450
1,456
36,456
38,456
44,405
44,405
8,407
42,450
44,450
41,405
36,405
39,407
44,448
1,450
44,405
44,405
2,448
46,448
2,315
3,315
1,315
45,405
43,319
45,318
1,318
44,318
37,319
39,319
39,315
3,315
44,315
45,315
42,318
40,318
48,318
45,319
1,319
38,315
1,318
1,318
38,319
19,313
19,313
44,318
39,313
38,316
46,316
44,316
36,316
35,316
45,316
19,317
15,317
1,317
39,458
4,458
40,458
7,458
3,458
8,458
44,459
44,459
44,459
25,459
18,459
16,459
40,462
17,462
16,462
33,458
44,456
2,459
20,458
8,459
21,459
16,459
44,457
16,462
2,462
44,462
5,456
9,457
44,457
44,457
2,457
16,457
38,457
44,457
40,460
42,462
44,460
38,456
43,457
44,451
44,451
17,460
1,460
38,454
44,450
44,450
44,451
19,451
21,451
44,451
38,451
44,454
4,353
36,450
22,450
23,450
20,451
39,449
19,451
22,449
19,454
44,449
44,452
36,448
6,448
4,448
2,448
28,448
44,448
23,448
44,449
44,449
21,449
19,449
22,449
21,452
22,449
44,319
42,362
39,448
1,362
48,362
2,363
41,363
22,363
44,363
44,452
44,366
1,319
3,319
44,362
1,362
38,362
40,363
39,363
45,363
26,363
18,363
1,363
44,319
3,319
44,360
37,362
2,360
44,362
19,360
46,360
19,361
2,361
44,363
44,366
18,364
16,462
23,463
44,463
42,463
1,463
44,462
22,463
20,463
4,463
36,463
40,463
40,460
44,460
21,460
44,461
44,461
22,461
44,461
20,461
39,464
44,460
44,461
4,464
17,461
23,455
26,461
39,461
20,461
17,464
44,455
21,454
20,454
44,454
44,455
29,455
44,455
22,455
42,464
11,464
44,464
7,454
44,454
16,452
44,454
21,455
19,453
38,455
21,455
38,464
44,452
22,452
21,452
44,453
22,452
43,453
21,453
25,453
36,453
14,453
25,453
40,464
19,453
44,366
40,366
24,452
17,367
44,453
22,367
1,367
4,378
44,367
10,379
12,379
40,366
20,367
44,367
21,367
44,367
30,367
3,367
20,378
40,366
22,364
44,366
14,365
28,364
44,367
44,365
19,379
31,379
11,379
35,382
44,319
18,360
44,360
46,360
39,361
19,361
44,361
44,361
39,361
40,361
44,364
44,364
22,365
20,365
44,365
3,365
3,379
36,378
3,378
3,380
36,317
44,317
20,317
14,360
5,354
17,360
43,355
44,361
13,361
39,358
45,358
4,449
44,364
18,359
17,364
44,364
18,359
5,365
19,365
3,378
3,378
39,359
19,380
44,354
45,354
12,355
18,358
44,358
19,358
24,358
41,358
44,359
3,359
39,377
39,377
35,377
15,354
44,354
40,355
20,355
44,355
44,356
20,356
39,356
17,355
44,355
36,357
44,354
39,355
15,353
44,355
44,353
15,353
39,356
33,356
10,356
19,357
34,123
36,123
2,123
17,123
42,123
37,123
5,123
28,123
44,126
18,124
39,126
39,126
32,126
32,124
2,215
40,215
30,215
8,215
38,215
41,213
2,213
2,213
39,213
40,213
11,213
35,213
41,213
45,212
52,213
2,213
37,126
29,127
36,127
35,127
5,213
31,127
33,126
47,127
25,126
17,126
38,127
21,126
31,215
18,215
38,215
25,213
25,395
3,395
36,416
44,416
4,416
3,394
1,416
47,394
8,394
3,395
35,395
7,395
2,394
1,394
2,394
39,395
3,395
8,395
7,395
36,394
32,394
7,394
28,394
28,395
8,394
15,394
5,386
5,392
1,392
3,215
16,394
31,395
34,393
2,393
5,392
1,215
44,394
4,394
4,392
17,392
12,392
25,392
7,392
20,392
7,215
29,215
8,215
13,213
38,393
5,213
28,215
35,392
12,392
11,392
15,392
29,392
33,392
31,386
4,386
37,386
28,386
2,386
36,386
40,127
21,386
37,384
39,384
30,127
1,384
29,384
1,384
36,384
30,384
3,290
38,298
9,298
17,298
23,127
32,296
1,296
39,296
23,296
34,416
37,416
46,416
36,416
3,395
38,395
20,395
1,398
5,395
20,395
39,395
32,393
4,393
36,398
4,398
19,398
2,396
38,393
30,393
38,393
36,393
13,393
41,393
37,396
32,386
37,386
24,384
28,290
44,290
39,288
43,290
24,289
40,289
45,288
42,288
40,288
17,289
45,288
26,288
41,289
32,267
17,290
7,290
1,125
37,125
43,290
31,125
19,125
5,125
19,125
10,290
37,118
44,119
27,118
36,119
28,119
21,118
10,118
34,118
37,119
27,118
33,119
18,125
11,125
15,125
42,123
33,125
14,124
42,124
22,125
26,124
24,124
7,124
21,125
30,125
29,125
36,121
32,124
34,124
33,124
40,121
33,115
33,118
36,118
36,115
21,115
25,118
29,118
19,115
9,118
3,116
2,116
1,116
16,116
5,116
14,116
27,95
53,95
1,85
36,280
36,277
22,275
19,272
1,275
23,272
33,276
31,273
34,276
9,273
33,276
33,276
3,276
33,276
26,276
27,277
11,273
29,277
44,385
41,386
17,387
45,387
23,387
17,387
2,385
41,387
2,385
40,385
1,387
46,387
42,385
36,387
35,387
18,387
19,385
38,384
24,385
33,298
39,385
32,385
24,385
11,298
6,296
25,298
40,296
23,385
13,385
39,390
13,388
45,388
14,390
21,390
31,390
7,389
22,389
6,390
12,388
5,388
49,388
5,299
4,388
1,389
5,388
31,388
37,298
5,298
44,298
38,296
34,388
3,296
31,388
20,298
28,298
32,296
6,388
22,389
6,389
1,389
7,389
9,389
6,389
21,389
15,388
19,298
10,389
38,299
6,389
6,296
17,296
17,290
18,291
10,290
15,290
19,291
24,290
13,291
7,291
6,289
10,289
14,289
12,289
8,289
8,289
20,289
12,289
6,270
3,270
8,289
12,271
10,270
5,270
11,291
1,291
10,282
4,282
1,282
2,282
2,282
2,282
1,280
6,275
1,289
7,271
12,271
15,282
7,282
3,271
12,271
2,271
23,282
11,282
8,282
13,280
13,282
1,282
1,280
3,280
2,271
5,280
7,270
36,271
17,280
26,280
6,270
26,274
4,270
39,271
20,275
2,270
10,270
6,270
32,271
15,271
5,271
5,271
33,271
5,268
24,270
40,271
15,269
14,269
38,271
24,269
26,269
34,274
7,268
8,268
12,268
24,269
42,269
7,269
18,269
13,269
19,268
34,274
18,275
7,269
9,269
26,269
39,274
28,275
12,268
7,274
4,274
42,274
14,268
10,274
1,274
18,269
17,274
16,274
4,268
10,269
40,274
1,268
16,268
11,269
12,275
38,276
4,275
24,268
14,268
10,268
29,265
15,265
9,265
10,265
5,265
32,268
3,268
8,265
2,268
7,270
12,270
7,270
32,264
27,264
6,264
9,264
19,264
23,265
2,265
16,265
22,264
9,265
3,265
17,265
1,265
15,265
5,265
13,270
8,270
11,270
13,270
25,270
5,270
8,270
13,270
8,270
6,270
11,270
6,270
10,270
3,270
24,267
3,289
3,270
12,270
2,270
4,267
18,270
2,289
1,290
3,270
3,289
3,270
5,264
1,264
13,267
23,267
18,267
3,267
7,264
12,264
30,264
14,264
9,264
2,265
4,265
20,265
6,265
11,264
1,267
2,267
2,267
1,267
6,267
2,267
34,267
34,266
35,267
34,267
35,267
36,267
7,266
26,266
20,266
19,266
31,266
33,266
1,266
21,266
36,266
1,117
1,117
23,264
36,288
36,119
36,119
23,119
32,266
36,117
36,119
20,117
31,117
24,116
25,117
29,117
26,116
26,117
31,116
27,116
31,117
24,117
36,117
29,117
37,116
21,116
31,116
14,116
8,265
5,265
4,265
1,268
16,265
11,268
10,268
8,265
3,265
8,268
13,265
13,268
8,265
8,268
12,265
8,258
1,258
7,275
16,275
1,275
33,275
32,275
23,275
3,275
1,275
4,273
21,275
23,275
32,273
1,272
6,273
7,273
21,272
32,273
32,273
8,273
3,273
20,273
31,272
10,272
27,273
19,273
4,272
19,273
27,272
32,273
27,275
19,269
2,269
4,274
3,269
30,272
1,272
19,263
1,263
2,263
24,263
15,263
29,263
9,261
16,261
1,261
18,261
32,261
1,261
1,268
1,268
5,268
12,268
6,268
1,268
16,268
5,268
1,268
3,268
25,262
13,263
6,259
2,259
17,259
25,262
34,262
3,262
5,262
37,263
28,263
27,263
5,262
27,259
26,259
5,259
5,262
29,262
5,262
16,262
36,262
22,262
5,262
12,263
30,263
10,263
7,263
5,260
17,260
5,262
35,262
34,260
7,261
35,262
29,261
32,263
5,263
36,261
1,258
31,258
29,258
28,258
2,259
22,258
22,259
8,259
30,259
15,259
15,259
31,260
6,260
2,258
28,258
1,258
24,258
3,258
31,258
2,258
28,259
33,261
11,261
24,258
19,259
24,259
1,259
12,259
17,259
27,260
3,260
14,260
4,260
11,261
4,259
5,260
4,260
2,261
1,261
27,256
31,256
4,258
4,259
26,258
7,261
6,257
33,260
14,261
12,256
3,256
33,257
33,257
33,257
2,260
2,260
24,260
1,261
29,261
21,256
15,257
33,261
15,257
15,260
15,261
22,256
8,256
5,257
1,257
3,256
33,257
33,257
33,257
33,260
32,85
14,256
19,257
26,257
2,257
32,272
4,41
13,136
12,138
1,410
8,485
27,410
10,129
19,135
19,135
9,129
9,129
19,142
36,44
36,45
19,555
2,43
1,545
1,408
21,241
2,408
2,171
47,432
2,408
1,244
4,771
1,408
4,409
2,410
4,649
1,408
2,409
3,0
2,100
7,171
2,346
2,411
1,282
2,408
2,410
2,410
2,410
2,402
21,41
5,677
5,677
14,681
14,681
64,686
22,683
22,683
22,683
15,686
15,686
15,687
15,687
3,640
3,640
4,681
4,681
15,687
15,687
5,687
5,687
15,687
29,687
16,642
3,687
51,698
51,698
4,698
3,687
49,683
49,682
23,682
23,682
9,683
9,683
3,690
8,680
48,680
48,681
8,681
22,681
22,681
18,683
18,683
18,683
3,683
3,683
36,683
10,681
10,681
11,683
11,683
10,683
10,683
26,686
26,686
14,686
14,687
21,683
21,683
48,686
48,686
43,687
26,687
26,687
3,687
39,684
1,687
3,684
5,684
5,684
3,687
27,696
27,696
11,687
11,687
11,690
11,690
10,681
10,681
40,681
24,672
24,674
10,681
10,681
23,681
19,674
19,674
20,674
20,674
17,674
39,674
39,674
14,674
14,674
20,674
20,674
1,674
49,672
49,672
49,672
2,650
24,650
24,650
16,672
16,672
64,673
56,684
56,684
11,681
11,681
10,686
36,675
11,675
11,675
11,675
49,675
49,675
25,673
25,673
11,677
49,673
49,673
29,675
29,675
10,675
8,675
22,675
22,675
25,678
25,678
36,678
29,678
29,678
36,676
16,651
16,651
22,684
22,684
24,678
24,678
23,654
23,654
63,684
52,685
52,685
2,687
2,675
2,649
2,684
2,684
2,672
7,678
11,679
11,679
25,679
25,679
22,679
22,679
60,685
60,685
1,679
1,679
63,685
12,696
30,679
30,679
3,683
3,648
2,650
16,679
16,679
2,650
22,677
64,679
12,673
11,679
11,679
13,679
18,681
1,688
66,677
66,676
15,676
15,676
36,676
42,676
42,676
6,677
35,677
35,678
16,678
16,678
14,677
14,677
32,677
34,688
34,688
25,677
25,677
22,677
22,677
5,687
5,687
5,372
39,651
39,651
1,651
1,651
62,690
16,688
16,688
33,690
33,690
7,690
65,688
7,677
7,651
26,673
26,673
47,648
47,648
3,674
3,674
3,673
3,673
3,673
3,673
3,672
3,648
3,674
3,674
3,672
3,672
2,648
3,642
2,650
2,650
61,648
48,642
22,648
22,648
36,650
36,650
67,649
4,649
35,648
35,649
11,649
11,649
10,649
10,649
34,650
25,650
25,650
11,673
11,673
33,651
26,651
26,651
26,651
64,649
3,649
2,651
12,651
3,650
3,650
17,650
17,650
44,651
37,654
11,650
11,650
22,654
12,654
10,687
10,687
2,649
4,684
4,686
21,649
21,654
10,654
36,654
7,678
36,654
10,654
30,654
30,649
15,654
15,654
11,648
11,648
2,654
23,652
23,652
36,652
36,652
1,652
36,652
36,652
2,652
2,652
14,642
14,642
21,652
21,652
13,652
13,652
2,650
1,649
35,653
67,643
11,642
11,642
3,981
57,981
61,640
61,640
13,893
12,640
9,642
28,642
28,642
3,642
9,648
4,664
5,591
6,641
3,641
3,640
3,640
3,640
3,640
2,655
3,643
4,655
3,643
4,655
3,640
5,645
10,653
10,670
5,608
10,644
7,655
10,691
10,691
35,690
32,696
45,655
25,641
1,641
14,559
17,698
17,698
1,575
15,699
10,653
21,653
7,646
6,586
21,689
1,611
31,655
31,653
32,647
3,653
14,697
27,699
1,699
13,645
2,691
20,689
8,699
12,666
8,666
23,666
29,666
31,666
30,666
14,700
32,700
26,702
32,703
22,703
28,691
31,702
1,702
13,700
5,700
25,700
13,700
30,700
25,700
17,700
31,702
13,700
22,700
10,692
6,643
37,642
13,643
31,646
31,646
5,645
3,640
35,554
35,554
3,640
15,640
15,640
31,555
32,641
15,641
6,640
16,554
5,641
5,641
31,555
16,644
46,664
41,647
22,644
18,645
35,647
7,647
31,664
1,647
6,664
4,664
3,656
30,658
6,658
31,664
24,559
20,666
22,559
32,659
31,656
6,657
31,665
7,659
31,665
8,570
4,641
7,611
31,665
31,661
13,661
31,618
31,618
13,660
18,575
23,617
2,617
5,617
28,619
27,611
6,554
8,555
8,647
4,554
16,644
9,644
2,554
10,641
17,641
5,641
5,641
3,641
16,641
9,641
18,573
5,573
25,584
16,541
9,608
18,584
30,584
14,660
1,602
4,667
4,700
4,662
16,541
12,541
3,541
18,590
5,587
23,602
2,602
19,602
31,602
3,611
26,602
3,608
8,658
21,619
19,661
11,602
9,661
8,611
20,609
23,600
17,611
8,645
11,664
13,609
3,609
1,611
2,609
6,611
14,602
9,618
1,618
3,616
11,618
12,618
1,618
8,617
22,584
23,584
17,574
23,586
12,584
2,584
13,565
17,565
7,645
11,570
20,659
16,659
12,658
7,658
17,567
6,653
15,565
16,535
13,533
13,533
2,642
13,554
27,644
17,554
8,554
15,666
19,691
8,535
4,586
4,575
5,543
31,535
3,575
7,571
3,616
5,699
6,657
5,616
40,600
40,602
5,602
2,602
37,600
3,611
6,609
3,591
28,602
27,590
27,586
1,586
27,586
27,541
44,584
2,541
2,584
31,608
3,586
1,584
35,587
35,587
18,608
31,608
28,587
52,586
23,586
5,586
31,586
25,543
9,543
3,541
20,567
40,543
16,541
2,541
13,541
4,584
11,575
31,609
29,609
24,611
21,610
3,699
37,609
1,611
32,609
51,609
3,609
4,610
27,611
8,611
25,616
11,616
28,610
22,616
1,616
10,610
38,611
14,616
1,610
32,618
12,617
14,641
16,608
41,616
31,616
22,616
48,616
31,618
31,573
48,608
31,567
31,567
32,575
19,575
8,573
31,575
1,575
31,575
11,657
41,575
22,575
3,571
2,640
31,554
2,554
11,611
45,617
19,611
38,619
13,670
3,618
29,611
11,661
32,611
31,662
31,618
1,663
19,660
8,660
12,660
32,660
27,662
7,689
1,662
31,660
7,660
18,661
1,661
55,618
58,662
18,662
6,662
13,662
32,668
22,661
10,670
10,670
25,662
29,660
31,660
23,665
8,662
31,662
8,700
1,662
31,665
26,665
5,662
32,665
1,665
2,662
39,575
19,657
27,657
1,657
2,659
9,660
23,660
8,662
4,660
21,657
1,657
28,657
27,657
4,659
5,691
4,692
5,689
3,667
5,689
4,667
4,662
4,691
4,645
16,665
4,698
4,692
4,662
19,659
13,659
1,659
21,659
1,659
24,645
27,657
37,656
37,657
1,657
2,656
27,659
27,659
44,657
7,659
31,664
25,659
7,659
5,645
26,656
31,570
31,656
41,656
25,658
8,658
41,658
3,658
51,665
32,659
8,659
32,658
31,656
3,656
25,658
6,664
32,656
26,647
17,647
32,645
31,645
18,645
43,658
2,658
41,645
15,644
10,645
31,647
40,647
29,645
31,644
31,646
3,646
32,644
31,646
31,558
17,555
14,555
31,644
19,647
31,558
6,644
31,554
2,554
31,644
25,555
5,641
32,554
2,555
41,641
2,641
31,641
4,641
1,554
2,554
6,647
1,640
12,640
1,640
41,643
10,662
3,640
13,640
32,643
17,642
17,642
1,643
8,670
2,667
21,670
4,692
17,645
1,692
16,667
4,692
32,667
11,667
40,667
4,667
10,667
1,667
52,667
20,667
17,692
5,692
4,689
12,667
9,691
41,692
22,692
31,694
28,667
27,697
34,666
51,667
5,555
4,699
21,702
1,699
16,699
37,691
5,697
19,697
15,699
14,691
51,702
3,702
14,697
21,697
16,594
31,664
3,689
51,699
8,699
20,702
41,697
42,691
25,689
3,691
14,554
25,646
16,646
15,697
26,646
23,619
43,653
31,666
47,655
36,689
37,691
20,697
35,697
15,697
32,646
13,653
1,689
32,653
31,643
3,653
43,655
6,611
2,655
9,655
47,689
28,691
3,689
4,691
35,699
35,699
22,697
24,689
4,646
25,689
28,699
32,643
31,643
14,643
37,655
14,698
14,698
31,653
15,698
39,696
30,696
26,696
22,691
31,655
21,698
21,698
17,696
47,689
2,689
12,689
38,690
37,690
31,696
15,608
18,688
29,688
2,688
21,696
15,698
5,611
4,36
4,534
4,111
4,111
5,234
5,234
5,234
5,234
5,33
5,33
4,207
4,207
2,135
4,203
4,203
4,150
4,150
2,544
2,546
5,61
5,61
5,572
5,572
5,198
5,198
5,148
5,148
4,173
4,173
4,204
4,204
5,62
5,62
5,235
5,235
5,166
5,166
5,55
5,55
5,24
5,24
5,35
5,35
5,555
5,555
5,28
5,28
5,209
5,209
5,533
5,533
5,24
5,24
5,199
5,199
5,216
5,216
5,209
5,209
5,145
5,145
5,214
5,214
5,536
5,536
5,534
5,534
5,219
5,219
5,45
5,45
5,148
5,148
5,216
5,216
5,196
5,47
5,47
4,530
4,530
5,39
5,39
5,50
5,50
5,219
5,219
5,58
5,58
5,45
5,45
5,106
5,106
5,148
5,148
5,37
5,37
5,243
5,243
5,148
5,148
5,183
5,183
5,195
5,195
5,190
5,190
5,189
5,189
5,148
5,148
5,191
5,191
5,153
5,152
5,39
5,39
5,155
5,155
4,27
4,27
5,219
5,219
5,145
5,145
5,225
5,225
4,45
4,45
5,565
5,565
5,558
5,558
5,36
5,36
5,243
5,243
4,530
4,530
5,561
5,538
5,228
5,228
4,225
4,225
2,134
1,229
1,34
4,542
4,542
4,153
4,153
4,539
4,539
3,519
3,519
4,515
4,515
4,50
4,196
4,196
3,196
3,196
4,191
4,191
4,204
4,204
4,147
4,147
2,231
2,231
4,153
4,156
4,156
3,153
3,156
2,55
2,55
2,59
2,59
3,512
3,228
3,228
3,561
3,524
2,521
2,521
2,532
2,532
2,29
2,29
2,29
2,29
2,567
2,567
3,195
3,195
3,157
3,239
3,204
3,204
3,49
3,49
3,674
1,54
1,54
2,241
1,560
2,46
2,553
2,219
1,27
2,55
2,146
2,149
2,26
2,228
2,539
1,145
1,190
1,160
1,247
1,243
1,198
1,154
1,517
1,194
1,236
1,540
1,206
1,590
1,590
1,590
1,219
1,447
3,538
3,538
3,562
3,562
4,524
4,524
4,541
3,27
3,27
36,104
7,105
7,105
6,29
6,106
10,29
10,29
36,104
17,108
17,108
2,104
2,104
2,55
2,55
2,108
36,109
7,29
7,29
6,109
6,109
11,109
11,109
36,109
53,108
53,108
25,108
25,108
34,109
8,194
8,194
4,525
4,525
4,527
4,527
10,29
10,29
2,108
2,109
8,109
8,109
25,104
25,104
10,109
10,109
34,111
34,111
5,31
5,31
4,47
4,47
2,199
2,199
5,150
5,150
36,108
25,110
25,110
2,108
11,109
11,109
55,105
14,105
14,150
4,155
4,155
19,105
19,105
5,194
40,31
40,31
36,110
36,105
36,107
4,110
12,531
12,531
54,106
4,173
4,173
5,61
5,61
2,28
2,28
36,106
36,107
34,53
34,53
34,106
34,107
34,107
11,52
11,52
53,107
4,150
4,150
5,201
5,201
4,209
4,209
4,203
4,203
9,528
9,528
15,233
15,232
1,110
4,150
4,150
8,199
8,199
62,111
4,231
4,530
4,530
51,110
7,111
7,110
4,234
4,234
42,106
42,106
4,158
4,158
4,158
4,158
4,543
4,543
5,45
5,45
5,154
5,154
4,142
4,142
4,190
4,190
4,252
4,252
4,156
4,156
8,165
8,165
12,108
12,108
20,28
20,28
2,29
36,104
5,44
5,44
25,104
25,104
5,195
5,195
40,28
5,195
5,195
4,58
4,58
4,37
4,561
35,28
35,28
36,28
36,28
1,28
2,29
27,29
27,29
2,31
10,104
10,220
5,44
5,44
19,104
5,185
5,185
5,541
5,541
5,234
5,234
5,234
5,234
5,199
5,199
5,568
5,568
21,61
21,61
5,211
5,211
5,199
5,199
5,156
5,156
7,61
7,61
36,61
19,107
19,107
36,107
14,61
14,50
3,107
39,53
5,211
5,211
5,522
5,45
5,45
5,561
5,561
5,565
5,565
37,53
5,61
5,61
5,199
5,199
5,234
5,234
5,254
5,252
5,155
10,195
10,195
5,178
5,178
7,195
7,195
5,189
5,189
5,240
4,25
4,25
36,61
36,61
2,673
2,673
5,150
5,156
34,61
34,194
43,55
43,55
40,219
40,218
5,527
5,527
5,33
5,33
45,63
5,234
5,234
5,226
5,226
4,150
4,150
5,145
5,145
66,63
66,63
10,193
10,193
5,198
5,198
5,150
5,150
5,561
5,561
39,196
12,196
12,196
5,528
5,528
5,563
5,563
11,196
11,196
5,565
5,565
5,156
5,156
3,151
3,151
5,109
5,109
36,193
5,209
5,209
5,44
5,44
4,216
4,216
5,232
5,232
30,193
30,193
24,196
24,196
13,193
13,193
5,204
5,204
5,156
5,156
30,53
30,53
5,210
5,210
5,15
5,15
4,167
4,167
5,528
5,528
4,555
4,555
4,27
4,27
70,54
70,54
4,516
4,516
12,107
12,107
12,106
12,106
4,152
4,152
36,54
1,196
3,63
3,63
2,241
17,52
17,51
5,51
19,52
47,51
36,54
2,51
36,51
1,38
51,51
51,51
2,60
2,60
3,517
3,516
2,199
4,229
25,52
25,52
51,54
51,55
4,248
4,248
2,48
2,48
2,227
2,227
68,63
68,62
2,59
2,59
2,526
2,526
2,59
2,59
50,63
2,581
2,581
36,60
2,108
72,62
72,62
34,59
36,60
36,60
40,61
40,61
40,60
51,60
51,60
59,195
59,195
14,60
14,57
10,57
10,57
10,194
10,194
37,193
16,62
16,62
17,195
17,195
36,193
36,192
36,193
10,59
2,188
6,28
10,193
10,193
63,49
7,50
7,50
25,49
25,48
25,49
33,49
33,49
36,49
39,50
6,59
6,59
23,31
4,204
4,38
4,35
4,35
2,31
2,49
17,49
17,49
1,530
4,564
4,564
4,165
4,165
4,50
4,50
7,28
4,24
4,24
39,59
4,110
4,110
4,527
4,527
4,531
4,531
36,59
4,541
9,57
9,57
25,57
25,57
56,59
4,27
4,30
7,59
7,59
48,149
48,149
27,57
27,57
36,57
39,192
4,110
4,110
4,148
4,148
4,36
4,36
4,194
10,49
10,49
1,180
1,153
1,27
44,50
44,56
2,28
55,48
21,48
21,48
46,48
32,31
12,48
36,48
2,48
9,36
9,36
3,529
3,529
35,31
35,31
14,31
14,31
19,31
19,31
7,30
7,30
22,37
22,37
36,48
1,37
59,30
59,30
62,30
62,30
2,28
10,37
10,37
36,37
36,56
28,58
28,37
28,37
44,45
44,45
10,39
10,39
18,58
18,58
10,45
10,45
36,58
11,58
11,58
70,58
70,58
48,59
44,57
11,59
11,59
10,47
10,47
17,56
17,56
62,25
40,25
40,25
36,24
7,25
62,27
36,25
36,25
43,24
43,24
2,27
43,15
43,13
43,15
11,26
11,26
13,27
13,27
20,13
20,15
33,15
33,15
10,28
10,28
62,26
30,15
69,26
69,26
68,27
68,27
12,36
12,36
11,36
11,36
35,37
35,36
12,148
12,148
12,36
12,36
12,30
12,30
9,36
9,36
53,37
53,36
4,36
15,37
15,36
53,27
7,148
7,148
7,37
7,37
7,37
7,37
43,27
20,27
60,39
1,39
17,39
17,39
42,39
42,38
5,39
28,39
28,39
53,38
53,38
37,39
37,39
38,47
5,47
19,47
34,47
27,15
19,148
19,148
26,148
26,47
11,148
11,148
36,47
7,45
7,45
18,47
18,47
65,46
42,47
59,46
24,47
24,47
23,45
23,45
16,38
16,38
57,14
57,14
57,14
56,15
56,14
11,33
9,35
3,33
66,38
66,33
39,152
6,153
6,153
31,33
31,33
7,35
7,35
67,35
67,35
25,35
44,33
9,35
62,45
16,44
7,38
7,38
54,145
20,148
49,145
10,46
10,46
10,146
10,146
6,154
6,154
60,144
1,28
16,144
16,144
5,144
61,144
61,145
46,44
47,44
47,44
47,44
17,146
17,145
18,41
1,106
1,228
12,46
12,46
30,35
30,34
38,46
60,35
31,144
31,144
18,41
18,41
39,34
39,34
5,144
5,32
7,32
7,32
51,32
51,32
39,32
36,34
63,34
63,34
11,43
11,43
17,43
17,43
10,133
10,133
10,143
10,143
36,133
5,133
5,133
19,135
19,135
62,132
62,132
59,133
59,133
9,133
9,133
21,133
21,133
21,133
21,133
38,41
38,41
2,41
10,41
4,41
25,42
1,178
1,178
4,56
4,56
3,56
3,50
4,56
4,231
4,0
2,164
2,164
3,231
3,0
76,134
76,134
36,131
36,131
49,134
29,134
29,135
38,135
38,135
8,134
8,134
9,131
39,131
39,131
26,130
26,131
41,130
41,130
13,131
13,131
17,137
17,136
25,136
25,136
11,131
11,134
37,40
15,42
19,42
19,42
25,40
25,40
25,40
64,40
32,42
32,42
16,129
36,40
36,128
36,128
10,40
14,129
10,128
10,128
2,128
47,42
47,42
36,132
15,132
15,132
1,132
15,42
4,42
9,132
9,132
37,131
21,137
21,137
25,128
25,128
25,128
10,131
10,128
2,134
66,128
4,225
4,225
4,129
13,128
26,129
26,129
26,129
28,129
28,129
41,129
41,129
4,129
1,128
1,128
22,209
19,209
4,209
3,209
7,209
71,210
71,210
26,208
26,208
36,209
36,209
7,212
7,212
34,214
34,214
7,214
23,214
7,214
2,198
6,199
6,199
63,211
15,214
15,214
53,211
53,211
34,214
34,211
31,211
31,211
25,212
25,212
10,214
10,217
36,220
6,220
4,554
4,220
10,216
10,216
36,220
14,216
14,216
10,219
36,220
36,217
36,217
46,217
46,216
11,222
5,222
36,212
3,212
36,214
36,212
7,212
10,228
10,219
2,212
40,196
10,197
10,197
46,197
46,197
36,208
10,208
10,208
10,208
10,208
36,196
10,219
10,219
10,197
10,197
10,197
10,197
7,199
7,199
7,198
7,198
43,198
43,198
36,199
3,198
3,198
4,566
4,566
7,196
7,196
36,198
9,199
13,214
39,199
17,210
17,210
10,199
10,199
36,199
10,204
10,204
7,199
7,199
7,199
7,199
36,198
9,198
7,199
7,199
7,205
7,205
56,205
3,140
3,140
7,216
7,216
7,205
7,205
17,204
19,204
12,205
5,205
19,205
19,205
7,199
7,199
14,195
14,195
36,194
4,194
4,194
36,194
36,195
1,195
10,204
10,204
53,198
36,204
37,201
46,201
46,201
7,194
12,204
5,204
1,204
11,200
11,200
17,194
1,194
1,194
52,192
52,192
27,192
27,192
18,194
36,194
23,194
36,194
39,200
39,200
29,151
29,151
15,151
19,151
53,151
53,151
19,157
36,157
36,157
48,200
48,200
7,200
7,194
36,151
36,151
17,151
17,151
36,149
36,149
58,149
36,149
10,149
10,149
4,149
7,157
7,157
23,157
23,159
10,150
7,159
7,159
10,159
10,159
62,157
4,516
4,516
17,159
17,159
17,159
17,159
36,157
36,157
40,159
17,159
17,157
17,157
17,159
17,159
14,159
7,159
7,159
36,202
15,159
36,159
56,145
55,147
55,147
36,147
32,153
32,153
54,155
11,145
11,145
10,148
10,148
59,153
65,155
65,155
25,155
25,155
9,153
9,153
63,156
63,156
22,153
22,153
12,156
12,156
44,158
64,147
64,150
48,150
48,150
18,156
18,156
62,158
12,156
12,156
34,158
34,158
37,150
8,153
8,153
20,147
20,147
18,154
19,146
28,147
9,146
9,146
4,141
4,220
36,141
3,38
3,38
3,48
3,48
63,153
10,153
10,153
7,146
7,146
64,146
19,152
19,152
44,152
44,152
36,154
36,143
17,154
17,154
54,146
54,146
54,152
15,141
15,141
12,143
12,143
17,141
19,141
36,141
26,135
1,135
24,135
24,135
7,141
7,141
9,141
9,141
31,141
3,541
3,564
3,564
3,148
3,148
10,143
3,37
3,37
14,143
19,143
19,143
2,141
12,141
12,141
32,141
66,140
66,140
8,135
52,141
35,137
18,137
18,140
47,140
47,140
14,142
14,142
29,137
40,137
5,142
35,142
63,142
63,143
28,142
2,136
56,139
18,164
18,164
17,137
17,139
25,139
25,139
2,139
10,139
10,139
1,136
1,136
36,130
6,136
4,136
6,130
2,130
36,137
17,130
47,130
47,130
51,136
51,136
7,136
36,137
40,136
7,220
7,220
10,217
10,217
10,216
10,216
39,219
16,219
16,219
36,218
36,218
14,218
14,218
8,216
8,216
23,222
23,222
11,222
14,222
14,222
15,222
8,222
36,229
13,219
13,219
35,219
17,229
17,228
51,229
51,229
62,219
2,241
2,241
36,222
3,241
10,240
9,219
68,229
14,228
14,228
14,228
14,228
14,204
14,204
22,241
22,243
13,204
13,204
56,240
28,240
28,240
28,231
28,231
38,240
38,241
6,241
54,244
11,246
11,246
36,241
6,244
36,243
17,247
17,247
17,247
36,246
36,246
36,243
10,247
62,241
62,241
39,243
29,247
11,241
11,241
22,248
22,248
35,246
35,246
63,246
63,246
23,248
23,248
7,247
4,248
36,218
4,248
36,218
36,218
36,216
36,216
14,205
14,205
36,207
14,205
14,205
34,207
34,207
14,205
14,205
13,204
13,204
12,216
12,216
35,207
36,205
36,207
3,207
36,207
36,207
36,207
7,228
7,228
36,228
34,228
34,228
36,231
36,231
36,225
36,206
36,206
12,206
12,206
39,206
39,206
32,206
29,203
29,203
16,203
16,203
64,203
64,206
18,204
36,207
12,228
12,228
5,228
19,228
35,236
35,236
10,227
10,227
44,233
11,230
11,230
61,231
61,231
36,231
11,235
11,235
26,233
26,233
18,533
36,227
2,173
12,231
12,231
26,230
26,230
26,230
37,230
37,230
36,225
11,235
11,233
9,238
9,238
36,203
8,225
8,225
25,203
25,202
36,202
36,202
71,225
71,224
24,202
24,202
36,224
23,181
7,224
7,224
20,200
16,204
16,206
7,227
7,227
24,227
17,227
17,227
15,203
15,203
19,226
19,226
5,226
19,226
19,226
25,225
25,225
39,227
10,227
10,226
17,233
17,233
36,233
6,233
6,233
10,235
10,235
36,226
17,224
17,224
36,189
25,232
25,232
10,232
36,159
36,181
12,180
12,180
14,202
14,202
36,189
36,189
36,181
44,181
44,181
35,181
35,181
17,181
17,181
36,183
33,183
3,39
19,183
19,183
43,183
57,180
57,180
19,183
19,183
30,180
30,183
36,188
36,188
36,177
12,158
12,158
8,523
19,177
19,177
53,177
53,177
39,177
39,177
36,180
12,183
12,183
17,177
17,177
39,176
45,176
45,176
36,154
36,155
19,179
19,179
21,179
21,179
12,158
12,158
6,155
57,182
57,179
35,182
35,182
36,180
36,180
36,182
62,182
62,182
39,183
36,185
39,179
58,179
58,179
36,165
35,154
35,154
2,154
18,165
18,165
17,176
38,176
13,176
13,176
64,178
64,178
36,154
36,184
36,185
58,178
5,178
35,178
35,178
24,173
24,173
6,184
4,173
15,173
15,173
10,172
10,172
36,172
36,173
35,173
35,173
32,167
32,167
8,175
8,175
3,173
40,167
40,167
40,167
5,167
7,167
17,167
10,178
10,178
48,173
3,184
46,184
46,184
1,173
22,175
36,184
36,184
27,173
27,173
10,172
10,172
3,165
13,165
17,165
17,165
5,169
36,166
36,165
10,166
19,143
19,143
36,165
36,165
36,165
6,166
36,172
29,166
29,166
13,166
35,143
35,143
17,184
17,184
20,175
20,175
14,166
16,172
16,166
11,166
11,166
36,169
14,513
14,513
12,166
36,139
52,164
52,164
24,139
24,139
7,162
7,162
36,163
7,163
7,163
49,163
59,163
59,163
46,168
46,168
37,163
37,163
36,162
36,163
9,164
3,171
10,142
10,142
35,164
1,166
36,169
54,169
36,169
36,138
36,138
36,138
18,138
40,138
41,161
15,164
36,164
11,161
11,161
36,160
36,160
23,160
23,161
23,161
23,161
23,161
25,160
25,160
36,160
36,138
21,138
21,138
11,160
11,160
36,160
39,162
39,162
7,168
1,168
4,202
4,202
7,578
7,578
10,250
10,250
7,249
7,249
36,248
35,248
35,248
1,249
14,251
14,251
9,249
17,251
17,251
36,249
9,249
36,249
36,250
36,251
36,251
62,250
62,250
7,251
36,251
35,251
35,251
32,252
32,252
5,252
2,252
17,580
17,580
17,255
14,254
12,252
24,252
24,252
20,583
20,583
57,255
57,255
17,252
19,252
19,252
14,581
14,581
33,254
33,254
36,254
36,254
34,255
34,255
35,581
35,581
26,581
26,581
36,580
18,581
18,581
23,254
23,254
13,579
13,579
7,583
5,254
3,254
17,254
17,254
40,577
12,580
12,580
12,582
12,582
25,251
25,251
28,577
28,577
15,583
15,583
6,251
64,583
1,581
36,580
8,583
24,581
29,580
29,580
10,583
23,243
19,243
19,243
10,239
10,239
10,248
10,248
10,582
10,582
7,243
7,243
12,242
32,242
32,242
9,243
9,243
11,231
11,231
67,242
34,242
34,243
17,236
17,236
19,242
19,242
7,239
7,239
12,239
2,239
17,237
17,237
36,239
36,239
35,237
36,237
36,237
25,239
25,239
36,250
12,250
36,239
30,242
30,242
27,577
27,576
10,584
10,584
36,576
29,579
29,579
36,576
36,576
7,576
7,576
19,588
19,588
36,248
10,237
10,237
56,579
36,585
10,587
15,587
15,587
58,579
10,578
10,578
13,584
57,585
57,585
57,585
34,579
60,236
25,236
25,236
36,237
36,237
3,236
33,237
33,237
10,233
10,233
36,238
10,238
10,238
17,238
10,238
10,238
10,227
10,227
10,236
10,236
7,236
7,236
28,576
28,576
36,238
13,533
30,238
30,238
42,236
26,238
26,238
18,235
53,239
1,238
11,235
11,235
7,533
7,533
7,533
36,533
10,533
36,576
36,239
36,239
4,535
64,578
5,576
15,578
51,578
51,578
11,584
36,578
2,241
2,528
1,231
2,199
15,584
2,549
59,529
34,529
34,528
22,531
34,232
34,232
25,224
25,224
36,232
36,232
36,226
36,226
12,226
12,226
36,234
9,234
17,528
17,528
10,234
10,234
57,235
52,235
52,235
22,233
22,233
27,234
27,234
36,529
36,529
12,225
12,225
2,529
7,234
7,234
29,529
29,529
19,531
19,531
7,234
7,234
12,191
12,234
36,529
27,532
27,532
36,235
36,235
40,533
11,533
11,533
10,533
10,532
36,535
26,533
26,533
72,535
72,535
13,534
13,534
4,535
12,532
12,532
14,535
14,535
15,535
36,534
12,534
12,531
36,532
39,534
39,534
10,532
10,532
10,541
10,541
10,541
10,541
10,565
10,565
10,566
10,566
10,532
10,532
10,532
10,532
10,532
10,532
10,540
10,540
10,534
10,534
10,533
10,533
7,540
7,540
36,530
7,250
7,250
36,234
35,528
14,190
14,190
14,191
14,191
36,189
14,189
14,189
14,519
14,519
13,519
13,519
36,191
12,530
12,530
12,191
12,191
14,536
14,536
14,191
14,528
36,191
29,517
29,191
14,188
14,188
14,517
14,517
14,189
14,191
36,530
12,517
12,517
21,528
21,528
14,189
14,189
14,530
14,530
14,536
14,536
13,517
13,517
14,517
14,517
14,188
14,188
47,530
13,189
13,189
14,519
14,519
36,536
18,517
18,517
14,191
14,191
14,530
14,530
14,519
14,519
28,519
28,517
14,191
14,191
14,188
14,188
14,524
14,524
14,519
14,519
13,190
13,190
11,517
11,517
10,189
10,189
35,190
49,187
5,187
5,187
11,187
11,187
2,219
2,219
32,188
32,188
36,187
27,187
27,187
36,187
36,185
40,186
40,187
13,517
13,517
17,190
17,190
27,188
27,188
60,190
60,190
5,188
5,188
36,186
36,186
40,516
40,518
36,516
13,190
13,190
36,187
36,187
20,516
20,516
39,517
31,186
31,186
36,186
12,186
12,186
12,186
36,185
36,185
28,185
28,185
22,516
21,185
21,185
5,186
5,186
38,516
38,516
36,518
36,518
59,175
36,175
14,184
38,516
6,186
6,186
37,518
3,518
1,518
17,518
10,518
10,518
56,518
12,175
12,175
34,175
34,172
1,172
28,175
28,175
22,172
14,172
14,172
62,174
26,172
26,172
12,175
5,175
19,175
36,513
36,171
36,171
65,174
65,174
36,515
7,516
7,516
32,515
32,515
32,174
32,174
36,521
36,521
38,515
36,521
29,513
29,513
9,513
3,548
3,522
28,169
41,171
41,171
28,169
3,171
32,171
18,169
16,171
16,171
36,170
31,171
31,171
11,170
1,170
31,168
32,168
32,168
36,166
36,166
5,168
3,514
5,514
11,548
31,521
31,521
36,514
36,515
36,515
19,515
19,515
24,513
24,513
6,513
1,513
47,513
47,512
20,513
2,168
36,162
36,162
35,168
18,170
18,170
32,170
32,170
36,170
36,512
36,512
2,170
37,512
37,512
17,170
17,170
20,170
20,170
5,512
36,514
30,514
17,514
17,513
23,512
23,512
2,514
4,600
4,602
4,589
2,589
7,589
4,583
4,590
36,588
8,581
52,583
52,583
7,588
7,588
2,583
15,583
36,589
18,589
18,589
6,589
13,581
17,581
14,581
3,591
43,591
17,591
17,591
6,589
22,591
22,591
1,591
17,589
17,591
5,591
5,591
13,610
13,610
9,591
8,591
7,589
19,591
4,602
4,590
1,588
12,590
12,590
13,588
13,588
31,588
31,588
8,590
36,590
36,590
36,590
33,588
33,588
3,589
4,591
13,590
13,590
12,582
12,582
10,590
30,582
30,582
7,579
7,579
53,590
14,591
12,588
12,588
17,589
17,589
36,591
9,591
11,591
3,591
5,591
2,591
16,608
16,608
4,586
4,586
17,587
19,587
41,587
4,536
52,585
32,587
32,587
4,541
4,584
4,584
4,541
3,584
4,584
4,608
2,586
4,587
4,587
1,608
4,586
7,566
7,566
4,586
4,543
4,541
4,543
2,565
2,541
36,534
36,531
36,531
18,531
32,532
32,532
18,529
36,540
7,540
7,542
16,540
11,540
36,541
28,534
28,534
17,541
17,541
36,541
36,543
15,543
15,543
30,542
30,542
17,542
36,543
1,37
1,565
36,565
4,167
2,172
19,567
19,567
53,543
53,543
15,167
14,543
53,540
16,566
16,566
19,540
19,540
18,531
17,540
18,540
11,537
11,540
53,537
7,540
7,540
7,530
7,530
19,530
19,531
34,537
34,537
10,564
10,564
10,561
10,561
7,572
7,572
10,531
10,531
10,540
10,540
10,539
10,539
10,572
10,572
53,536
36,538
43,539
43,537
8,538
8,538
7,536
7,536
36,536
7,536
7,536
7,564
7,564
51,542
12,539
12,539
16,542
24,542
24,542
30,539
30,539
23,539
23,539
19,542
19,542
10,542
12,564
5,564
19,564
14,537
14,537
36,539
36,539
12,560
12,560
20,561
20,561
17,564
17,564
33,566
33,566
18,566
1,566
36,564
36,565
14,191
14,191
21,525
21,525
35,519
35,519
12,539
12,539
12,537
12,537
12,566
12,566
12,531
12,531
12,537
12,537
12,530
12,530
12,563
12,563
12,537
12,537
40,524
10,521
10,521
28,526
28,526
10,524
10,524
10,518
10,518
10,524
10,524
15,518
32,519
32,519
36,526
2,562
16,574
16,574
36,524
36,524
43,560
14,562
14,562
12,571
12,571
11,574
11,574
36,563
16,560
16,560
11,525
11,525
36,563
36,563
41,527
41,527
36,562
16,572
16,572
22,526
22,527
25,562
25,562
7,562
7,562
12,538
12,538
20,538
20,538
17,538
17,538
17,562
17,562
17,524
17,524
17,527
17,527
16,538
16,538
16,527
16,527
4,538
16,539
16,539
11,561
11,561
16,560
16,560
12,561
12,561
16,563
16,563
11,527
11,527
56,561
21,561
21,561
18,561
18,561
36,527
36,527
36,525
36,525
36,525
36,525
17,538
17,538
19,525
19,525
36,560
11,525
11,525
7,538
7,538
14,538
14,538
36,524
67,526
67,526
27,564
27,565
2,523
25,523
25,523
10,523
10,523
36,523
36,521
36,523
5,523
10,523
10,523
5,549
2,549
10,551
17,551
17,551
7,563
7,563
3,562
1,560
12,563
12,563
32,562
32,560
36,526
1,562
3,562
31,523
31,523
11,515
11,515
3,515
14,523
5,523
5,523
20,523
43,549
3,548
29,551
38,551
11,551
11,551
32,549
1,549
5,549
29,549
29,549
36,549
36,549
46,521
14,520
14,520
62,514
62,514
10,515
10,515
10,557
10,557
10,521
10,521
25,520
25,520
8,512
40,522
7,544
7,544
13,522
13,522
10,520
1,549
21,549
21,549
14,549
9,548
10,548
10,522
38,548
12,544
12,544
11,548
11,548
17,548
17,548
11,548
36,522
7,520
29,520
29,520
6,520
9,520
32,520
32,520
36,522
36,544
19,522
19,522
1,522
1,522
11,522
11,522
32,522
32,522
18,545
18,545
61,545
40,545
40,545
27,544
27,544
20,545
20,545
36,545
6,544
4,609
1,609
4,611
15,609
28,609
28,608
4,609
4,609
4,609
4,611
4,616
36,610
41,610
40,610
40,610
13,589
13,589
4,610
3,608
4,616
4,611
4,618
3,616
4,608
4,608
4,616
4,616
4,616
4,616
4,618
4,573
4,608
4,567
36,573
25,567
25,567
30,573
30,573
16,573
36,565
15,567
4,575
4,573
4,573
3,575
4,575
23,566
36,564
36,564
1,572
4,565
4,565
21,573
21,573
7,565
7,565
47,567
47,567
22,565
22,565
36,566
36,566
17,573
1,575
34,573
16,572
16,572
36,573
36,572
1,572
3,575
11,575
8,563
8,563
53,572
20,568
20,568
19,569
12,575
12,574
36,574
28,572
28,572
23,568
23,569
24,569
24,569
24,574
24,574
10,560
10,560
10,571
10,571
10,569
10,569
36,574
18,574
18,563
16,574
16,574
17,563
17,563
14,571
18,571
18,571
16,571
16,571
4,574
7,571
7,571
4,575
7,569
7,569
16,563
16,563
16,569
16,569
16,569
16,569
10,525
10,525
14,560
14,560
10,569
10,569
10,562
10,562
10,560
10,560
7,527
7,527
53,568
16,562
16,562
36,568
36,569
36,569
36,571
36,571
16,574
16,574
3,571
16,536
16,536
17,570
19,570
19,570
47,571
47,571
36,568
1,568
10,562
10,562
38,568
36,568
36,559
47,570
47,570
36,570
37,559
2,559
10,559
10,559
21,559
21,559
36,551
36,551
36,551
36,551
36,557
58,557
58,557
13,557
36,559
36,559
28,557
38,559
36,547
2,547
35,547
36,556
36,556
38,550
53,550
53,550
36,550
31,558
31,558
23,557
34,547
34,547
36,548
36,548
57,548
60,556
7,558
7,558
68,556
68,556
36,557
36,558
36,550
36,550
11,558
9,558
10,547
10,547
28,552
28,552
29,558
29,558
36,544
6,544
6,546
11,545
11,545
36,546
18,546
19,544
19,544
13,546
13,546
35,544
35,546
18,546
36,552
36,552
4,546
58,552
22,553
22,553
54,553
54,553
61,553
61,553
25,546
25,546
13,553
13,553
17,550
3,553
36,552
17,552
53,555
5,552
1,554
2,554
18,555
18,555
4,554
4,554
4,617
4,611
4,619
4,618
5,611
4,611
4,662
4,660
4,660
4,660
4,662
4,660
4,661
4,618
4,662
4,663
4,668
4,661
3,660
4,660
2,662
4,662
4,662
4,665
4,575
4,657
4,660
4,657
4,657
4,657
2,659
4,659
4,665
4,657
4,656
4,657
1,657
4,659
4,659
4,657
4,664
4,659
4,656
4,559
4,656
4,656
4,658
4,658
4,665
4,659
4,658
4,656
4,664
4,656
4,647
4,645
4,559
4,658
4,645
4,647
4,647
4,644
4,646
4,644
4,646
4,558
4,558
4,644
4,646
4,558
4,644
4,554
4,554
4,644
1,555
4,554
1,555
4,641
4,641
4,641
4,554
4,640
3,640
1,640
4,646
4,640
4,643
4,642
4,670
4,667
4,692
4,667
4,667
4,667
4,692
4,694
3,697
4,666
4,666
4,691
4,691
4,702
4,697
4,666
4,664
4,689
4,699
4,699
4,697
4,691
4,697
4,646
4,697
4,646
4,653
4,666
4,655
4,689
4,689
3,697
4,697
3,697
4,646
4,653
4,653
4,653
4,655
4,689
4,691
4,699
2,689
4,643
4,643
4,643
4,655
2,653
3,698
4,696
4,655
4,698
3,696
4,688
4,690
4,690
2,696
4,688
4,688
3,696
3,698
5,250
5,250
4,165
4,165
24,169
24,169
2,689
16,690
4,696
4,654
4,641
4,698
4,699
4,653
4,691
4,689
4,655
6,653
4,647
3,697
22,699
4,691
22,699
2,666
4,666
4,666
4,666
4,666
4,700
4,700
21,703
17,702
4,700
4,700
4,700
4,700
1,702
4,700
1,667
4,643
4,642
4,640
4,646
12,646
4,640
4,554
4,640
14,555
4,641
4,641
4,640
3,641
4,555
4,644
14,664
4,647
4,644
4,647
4,664
4,645
4,658
3,664
4,559
4,659
4,656
2,657
3,665
1,659
4,657
4,665
4,570
4,665
4,661
4,618
4,618
4,618
4,619
4,617
4,617
4,619
4,611
10,555
3,552
1,552
4,555
66,547
66,547
46,546
46,546
4,546
2,205
2,205
2,588
2,588
2,228
2,228
26,551
7,148
7,148
7,148
7,148
2,541
33,586
33,585
55,589
12,589
9,589
24,582
33,582
33,582
19,582
19,582
2,602
14,602
4,602
7,577
7,577
7,203
7,203
7,202
7,202
24,528
24,528
7,203
7,203
7,202
7,202
7,225
7,225
7,225
7,225
7,225
7,226
7,226
7,189
7,189
7,531
7,531
7,226
7,226
7,232
7,232
3,225
2,238
36,249
23,249
23,249
49,252
49,249
41,583
12,583
12,583
22,582
5,580
68,577
68,580
34,577
34,577
1,164
10,255
8,249
11,249
10,578
10,578
19,579
19,579
10,139
10,139
10,168
10,168
10,42
10,42
10,131
10,131
10,138
10,138
24,136
1,160
30,161
30,161
3,138
63,161
63,162
1,166
3,166
34,167
34,167
7,176
7,176
12,158
12,158
72,230
72,227
5,244
65,240
65,229
5,240
5,240
7,240
8,222
8,222
14,222
2,244
16,244
16,244
72,217
72,217
13,205
13,205
2,136
8,141
36,142
3,142
3,142
3,142
3,142
1,140
9,142
15,144
4,144
1,155
1,155
59,201
59,201
16,200
36,201
7,214
7,214
7,209
7,209
45,208
45,210
7,199
7,199
7,211
7,211
7,210
7,210
6,211
6,211
39,220
17,220
20,214
2,214
2,212
45,139
7,134
36,43
36,43
20,41
20,41
37,135
37,132
44,43
44,43
64,43
64,46
3,144
4,33
4,33
16,41
4,38
4,38
11,36
57,57
57,56
57,56
16,56
35,50
35,50
67,50
67,51
10,51
10,51
67,53
67,53
7,55
7,55
53,52
53,52
58,110
58,110
7,106
7,106
7,63
7,63
7,62
7,62
7,196
7,196
7,196
7,196
61,55
61,55
7,195
7,195
66,29
66,29
67,197
67,197
62,209
62,208
36,209
36,209
4,197
7,104
27,111
27,111
15,111
15,111
15,110
61,105
61,111
27,105
2,28
2,108
10,195
2,740
2,719
1,719
4,742
2,740
1,62
1,55
1,227
3,46
9,608
9,586
7,247
1,116
2,113
3,96
4,96
4,96
3,98
2,98
2,96
1,98
3,96
3,96
2,21
1,120
5,109
4,105
2,29
2,105
2,29
4,24
9,36
1,27
12,26
1,213
1,213
3,213
1,213
16,122
4,231
3,208
2,212
8,231
5,214
6,220
4,62
4,225
3,225
4,225
2,203
2,194
2,198
2,53
3,55
2,55
5,62
3,111
9,37
3,158
3,145
3,179
2,157
3,151
3,158
2,50
3,158
2,619
9,616
24,249
2,252
1,247
2,185
2,187
3,185
3,190
3,715
1,713
11,737
7,668
2,667
4,662
2,667
2,666
2,665
2,693
1,695
5,693
5,701
5,693
14,692
1,694
5,701
3,692
10,700
3,702
3,703
1,2
2,4
2,15
3,146
3,153
2,33
3,33
1,44
7,34
3,144
8,34
1,135
3,41
1,135
1,131
3,137
2,137
1,43
2,162
1,130
1,138
1,161
1,138
1,551
2,559
1,522
1,553
2,666
2,655
3,647
2,646
2,653
2,655
2,655
3,655
2,655
1,653
2,654
2,640
3,640
4,640
1,691
2,655
3,689
2,655
2,655
2,681
2,684
3,687
3,681
2,681
1,681
1,686
4,681
2,650
1,291
2,312
3,312
1,312
2,312
2,312
1,312
3,315
2,314
1,315
1,315
2,315
1,315
1,418
1,394
1,395
1,395
2,409
1,409
1,427
3,352
1,352
1,352
1,374
10,375
3,318
3,318
1,319
1,317
1,383
3,383
2,450
1,450
1,450
1,456
1,458
1,480
3,461
2,454
2,475
1,506
1,492
2,506
2,506
2,506
2,506
1,506
2,507
1,487
1,506
1,484
13,496
2,895
2,895
1,895
1,347
2,347
1,346
2,347
2,347
1,347
1,350
2,350
1,350
1,350
2,333
2,346
1,346
3,347
1,347
3,347
3,350
2,351
1,348
3,348
1,43
4,132
1,196
1,53
1,16
1,63
4,375
1,256
1,427
3,375
1,605
3,597
1,5
1,768
3,636
17,40
19,40
17,41
19,41
6,41
11,34
15,32
9,32
17,33
19,33
4,16
2,32
9,32
7,32
17,32
3,32
14,10
30,10
15,10
4,10
1,10
17,11
29,11
17,14
19,14
24,15
15,10
9,11
33,10
22,11
21,11
16,13
19,13
13,10
14,11
19,12
29,13
14,24
19,24
2,11
25,11
6,12
33,12
15,12
18,13
23,13
36,13
19,13
7,13
17,25
19,25
6,10
8,10
16,10
28,11
33,11
18,11
23,11
16,11
22,12
33,12
23,11
15,9
19,9
4,9
21,12
24,24
27,24
25,24
6,12
17,12
24,12
28,13
4,18
3,18
20,18
2,18
15,18
19,18
4,18
1,9
21,12
27,12
17,12
27,7
18,7
25,13
3,18
16,18
19,22
19,23
18,19
8,6
7,6
19,6
6,6
13,7
4,7
10,18
3,7
15,7
19,7
11,12
14,7
7,18
16,18
17,18
1,18
20,18
2,19
2,19
36,19
5,19
11,22
3,22
1,22
13,22
15,22
19,22
31,6
26,5
2,6
28,7
14,7
20,7
16,7
22,7
26,7
15,7
21,7
20,18
19,18
18,7
25,18
20,18
22,19
21,19
19,19
29,19
18,19
1,19
13,19
13,22
9,5
19,5
17,18
14,19
23,19
9,16
19,16
17,19
15,19
21,19
36,22
5,22
5,16
7,5
29,5
23,5
2,16
13,16
33,16
12,19
3,5
26,5
5,5
33,5
5,16
4,16
10,16
36,16
7,19
13,16
20,17
20,16
11,16
20,16
32,17
15,16
21,16
1,16
66,122
66,122
36,109
36,109
6,109
2,102
8,102
19,23
41,23
36,105
13,98
41,99
6,99
4,98
5,99
15,99
37,99
1,102
6,102
6,23
7,23
20,23
9,23
11,23
18,23
26,29
14,98
3,23
18,98
12,98
16,109
3,98
7,98
19,98
3,98
4,98
20,98
1,98
2,99
15,99
11,99
12,99
18,99
1,99
9,99
64,102
11,99
15,102
11,98
20,98
20,98
4,98
3,96
36,99
44,99
1,99
30,102
1,102
38,103
1,103
13,102
24,102
20,103
8,103
8,103
12,103
20,102
10,103
33,103
35,103
2,103
1,103
7,23
7,23
65,122
65,122
4,23
24,120
12,120
19,120
36,120
12,120
33,120
35,120
5,266
36,120
1,120
29,22
1,22
18,17
2,17
28,17
5,17
28,22
4,17
37,17
32,17
1,17
24,17
10,17
39,17
6,17
17,17
3,20
22,20
8,23
10,23
19,23
2,23
33,23
37,22
16,22
40,22
31,23
36,23
30,20
12,17
3,20
15,20
44,20
1,20
31,20
33,21
18,20
12,20
18,21
19,20
36,20
33,21
9,21
11,21
2,21
8,21
40,21
29,21
2,21
33,21
1,21
24,20
1,66
36,98
42,21
2,21
2,21
26,96
2,96
6,98
39,96
21,96
28,96
7,96
3,96
4,120
10,121
25,120
36,121
6,121
8,121
36,121
34,120
11,120
3,120
37,121
23,121
18,121
36,115
19,114
22,115
42,115
23,114
38,115
21,114
21,115
32,115
44,114
37,103
40,103
29,103
41,98
36,102
42,99
49,102
4,102
6,100
13,99
2,100
5,97
9,97
7,100
6,100
1,97
1,97
12,100
16,100
7,100
28,100
28,100
13,101
27,97
22,97
9,97
6,97
12,97
42,97
14,97
7,97
12,100
15,100
51,100
16,100
5,101
10,97
46,97
13,97
19,97
11,96
15,97
1,101
8,96
3,97
37,78
9,0
39,103
1,103
10,114
37,101
37,101
9,101
42,112
6,112
36,114
20,114
4,114
32,112
14,114
21,114
21,114
18,114
26,101
19,101
28,101
30,101
18,112
1,112
26,112
1,101
32,101
14,101
4,101
16,112
21,112
31,100
15,101
24,112
12,112
15,112
3,112
14,101
12,100
9,101
2,112
11,101
17,113
19,112
19,113
19,113
24,113
6,113
35,113
18,113
4,113
10,113
3,113
9,113
37,113
5,113
5,113
2,113
31,112
17,113
1,101
29,113
13,113
1,112
32,90
1,113
4,91
60,91
36,91
40,94
16,94
14,79
36,90
1,91
3,91
7,91
40,94
38,95
16,78
10,90
1,79
20,91
6,91
4,91
35,94
16,94
39,95
1,87
8,90
11,75
5,91
4,91
13,95
3,95
19,95
2,75
25,79
1,79
11,91
3,95
36,95
1,95
18,78
14,90
20,90
7,90
21,94
4,94
36,95
19,91
1,91
1,91
19,95
10,95
9,93
1,91
25,90
3,91
37,94
4,94
24,94
2,91
4,94
9,94
24,94
12,91
2,90
31,90
4,91
1,91
46,91
19,91
32,91
11,93
43,93
7,91
13,88
13,90
6,93
20,89
9,89
49,92
19,93
4,93
55,89
4,89
1,89
4,92
36,93
23,89
1,89
1,93
10,89
9,92
12,93
2,93
10,93
9,93
26,88
20,92
19,89
56,92
21,89
1,92
24,93
4,93
36,93
34,93
35,93
5,93
1,89
1,89
34,89
1,89
20,92
12,92
6,92
36,92
1,92
1,92
3,92
15,92
30,92
37,89
8,92
1,89
46,89
11,89
2,89
1,87
1,87
1,87
1,87
35,87
1,87
2,87
1,86
33,86
1,87
23,87
1,87
1,87
10,87
34,87
1,87
41,87
25,87
1,87
1,85
5,17
2,96
8,96
1,96
1,97
1,96
2,96
3,96
3,97
31,96
6,96
6,74
8,74
20,96
1,96
12,96
2,74
4,74
2,75
1,75
1,75
3,74
31,74
2,75
3,75
1,75
8,74
6,74
6,74
3,74
4,74
5,74
35,74
36,75
35,74
41,74
23,75
18,75
5,75
3,75
22,75
43,74
39,75
29,75
22,75
43,74
42,75
23,75
29,72
15,72
28,72
41,72
10,72
39,78
23,72
18,73
42,73
10,72
6,72
43,72
3,72
36,72
33,73
43,73
1,73
40,73
21,79
29,78
32,79
21,79
11,79
27,79
19,79
24,78
31,78
9,78
22,78
7,79
34,79
15,79
8,79
22,79
44,78
27,79
12,90
35,79
17,76
36,76
24,77
37,77
18,77
5,77
32,90
34,76
23,90
20,76
34,77
19,77
31,77
33,77
37,73
12,73
25,73
10,76
41,73
4,64
2,67
18,73
3,67
33,5
27,67
24,67
39,66
10,66
1,66
2,66
4,66
36,66
5,67
10,67
2,67
3,67
31,66
15,66
1,66
30,66
2,66
1,66
10,66
36,66
1,66
2,66
3,66
37,66
31,64
1,66
11,64
38,64
2,64
2,64
7,64
6,64
4,64
2,64
5,64
21,64
10,64
35,64
1,64
2,64
5,64
1,64
3,64
4,76
23,64
1,65
37,65
1,65
10,68
1,65
27,65
8,80
7,80
7,81
20,88
6,77
6,88
14,77
23,77
13,88
13,88
5,88
34,88
4,88
3,88
4,88
14,88
10,89
1,88
36,88
11,88
1,86
32,86
7,88
11,87
15,83
24,86
1,86
6,87
2,86
30,86
24,86
29,86
31,87
34,83
26,86
23,83
26,87
22,83
32,84
24,83
31,85
25,84
10,84
32,83
29,85
19,84
39,84
18,84
22,84
7,84
9,85
10,85
11,76
29,77
25,77
3,82
36,76
45,76
2,77
36,88
37,87
18,76
27,76
36,70
6,82
35,82
42,82
1,86
36,83
36,82
43,86
1,87
10,70
1,70
37,70
35,70
28,71
42,71
35,82
2,82
21,83
36,86
36,67
1,70
30,70
5,70
16,70
34,70
1,70
38,71
24,71
35,71
36,82
2,82
36,83
36,83
28,67
38,67
38,70
34,70
2,70
36,71
36,71
37,71
37,82
4,82
35,67
36,67
22,69
34,71
25,69
37,69
5,69
4,82
7,80
22,82
14,81
9,81
39,81
36,83
11,81
27,81
13,84
38,69
12,69
5,69
15,69
10,80
12,80
6,80
36,80
29,81
6,84
7,69
29,80
38,81
42,67
5,69
1,69
38,69
11,81
3,65
7,64
38,65
17,65
27,68
1,68
36,69
3,64
37,65
9,65
38,68
22,65
38,68
11,65
15,68
19,64
6,64
36,68
17,65
37,65
1,65
31,68
2,68
25,65
10,80
16,69
23,81
5,81
2,81
12,80
4,85
22,85
5,85
5,81
5,80
5,84
2,85
6,68
1,68
2,68
35,84
1,85
35,85
1,80
10,69
4,85
7,85
15,85
23,85
1,85
38,256
38,256
1,85
27,85
23,85
29,80
5,84
4,81
23,81
22,80
36,84
23,80
18,80
20,80
23,81
3,69
7,69
7,69
7,65
7,68
30,68
5,21
9,5
4,81
1,256
2,256
29,256
8,256
19,272
19,272
23,276
25,277
6,277
8,277
28,277
24,320
23,320
17,325
12,340
28,340
2,256
3,340
3,340
58,10
58,10
3,9
6,10
15,8
32,8
36,8
1,8
2,8
3,8
3,9
51,8
51,9
36,9
36,8
36,8
36,8
11,9
70,9
4,9
42,9
42,9
13,3
36,6
16,6
22,3
22,3
27,3
27,3
1,6
24,6
24,6
12,6
31,6
31,6
3,374
3,375
36,375
36,375
59,375
16,375
6,375
36,375
36,375
36,375
17,375
36,381
36,381
23,375
42,3
42,3
36,6
3,6
1,4
40,373
40,372
40,373
40,373
4,373
17,350
45,373
45,373
4,373
36,373
36,373
3,3
40,372
39,374
39,374
2,3
7,3
7,350
20,350
16,350
18,350
24,350
17,350
5,350
3,351
14,350
37,350
36,350
31,350
23,351
22,349
33,349
45,349
35,348
36,348
2,348
39,348
2,348
29,348
2,348
2,351
38,351
3,351
7,351
12,351
18,351
36,351
36,351
11,351
35,351
25,2
35,351
23,351
16,351
12,2
50,349
36,349
24,2
35,349
24,349
23,0
6,2
1,2
5,2
11,2
5,2
3,2
28,2
23,2
10,2
29,2
37,2
20,2
17,2
13,1
21,1
33,1
7,1
28,1
25,3
23,3
25,3
25,1
24,3
25,1
24,1
36,1
10,1
36,4
1,4
3,4
25,4
4,4
36,4
7,4
35,4
24,4
15,4
36,5
23,5
36,4
36,4
5,333
6,346
6,346
1,346
3,347
12,347
10,347
6,347
1,347
6,350
12,343
21,343
10,343
1,343
14,343
6,343
4,343
34,343
16,343
4,343
7,343
19,343
1,343
4,341
28,343
15,343
15,343
16,343
1,341
20,341
16,341
7,341
13,341
25,341
24,341
13,341
28,341
17,341
19,341
17,341
13,341
28,340
1,340
12,341
4,340
5,340
46,341
14,341
23,340
14,340
31,340
12,340
6,340
39,340
27,340
27,1
1,348
26,1
1,340
2,346
6,346
4,346
16,346
14,347
34,347
13,347
2,347
2,347
3,347
1,347
6,347
17,347
4,350
14,332
10,332
40,333
1,333
6,332
6,333
6,333
21,333
9,333
2,333
12,333
4,333
4,333
8,333
23,333
15,333
12,350
19,346
1,346
11,346
10,346
13,323
14,323
45,323
9,323
10,323
45,323
15,326
31,332
3,332
5,326
6,326
12,333
11,326
12,333
33,326
17,327
16,333
22,327
14,327
14,327
4,327
24,327
3,333
1,346
30,346
31,346
2,346
10,346
10,346
48,346
1,346
7,346
14,346
46,347
1,347
42,347
46,322
32,322
29,322
10,322
15,322
14,323
45,323
27,322
15,323
9,323
19,322
9,326
13,326
15,326
14,326
47,326
1,326
14,327
19,327
33,327
25,327
1,327
17,327
10,327
17,344
19,346
13,344
24,344
11,344
17,347
1,344
14,344
13,347
15,344
27,347
36,345
10,347
15,345
10,345
41,345
16,345
8,345
20,345
18,345
8,345
20,345
13,348
18,322
19,322
45,322
16,320
8,322
46,323
2,323
2,323
3,321
35,321
4,323
3,326
29,326
16,326
9,326
17,326
21,327
5,327
13,327
15,327
28,344
12,344
15,344
26,344
43,344
11,344
22,344
7,344
19,339
21,345
4,342
13,345
15,345
10,345
8,345
7,345
8,345
3,348
15,348
21,345
3,348
3,348
56,348
1,348
2,348
3,342
15,343
4,348
9,348
6,348
5,348
4,345
4,333
4,326
23,320
5,320
56,320
10,320
9,320
14,320
14,320
10,320
19,321
21,321
21,321
45,321
36,321
15,321
4,320
11,321
29,321
4,321
30,321
16,324
14,326
32,324
10,326
19,324
19,324
32,327
11,324
14,324
11,324
19,324
23,324
39,324
3,324
1,324
18,325
9,325
9,325
18,325
2,325
11,325
14,325
4,325
45,325
12,338
14,338
8,338
10,338
16,338
13,338
14,338
33,338
14,339
17,339
26,339
15,339
8,339
15,339
16,339
15,339
13,339
20,339
15,342
3,342
1,342
58,342
1,342
19,342
15,342
15,342
11,342
42,342
11,342
7,342
5,342
15,342
42,342
36,321
25,324
17,324
19,325
10,325
41,325
4,324
7,325
15,325
5,325
10,336
15,338
27,336
13,338
8,336
18,336
15,338
8,338
20,336
36,336
26,338
1,336
21,336
12,338
15,338
9,336
27,336
4,336
2,338
9,338
45,337
45,338
8,337
45,339
14,337
36,339
19,339
4,339
10,342
19,336
7,336
2,337
2,337
15,336
8,337
28,337
34,337
25,337
9,336
36,337
12,337
12,337
18,337
3,276
46,343
42,349
32,340
2,346
6,346
5,322
10,323
2,322
6,326
2,326
9,327
13,339
7,342
19,320
19,320
4,324
4,324
2,338
3,339
1,324
2,324
12,325
2,325
9,325
14,325
15,336
13,337
13,336
12,336
3,337
11,337
2,337
27,281
4,330
24,281
34,281
23,281
15,281
35,281
36,278
24,278
8,279
31,279
39,278
31,279
31,278
2,278
30,278
33,279
16,279
4,278
33,279
39,279
29,330
31,279
2,277
32,277
28,331
4,331
9,331
47,330
40,330
47,330
46,331
33,331
47,357
6,357
22,331
47,334
25,331
12,331
10,331
11,330
14,330
15,330
2,330
32,330
16,331
22,331
10,330
33,331
22,330
15,331
26,329
14,331
22,277
24,277
13,328
3,277
25,328
12,328
28,328
20,277
3,328
14,328
10,328
10,328
24,328
25,328
40,328
13,328
30,328
8,328
31,329
41,329
24,329
4,329
16,329
27,329
30,329
11,277
25,277
17,335
36,334
16,334
14,334
35,334
30,334
22,334
6,334
15,334
16,334
13,334
33,334
12,332
7,332
15,332
4,329
33,329
27,329
31,329
17,332
4,332
22,332
8,332
17,332
34,332
29,332
11,332
7,332
2,332
5,332
2,332
9,335
9,335
7,335
22,335
1,335
8,335
8,335
5,335
28,335
7,335
10,335
27,335
14,335
5,335
10,335
18,335
4,335
9,335
15,335
36,335
9,335
7,335
4,335
8,335
15,335
23,333
7,333
31,333
15,333
13,380
7,377
7,380
31,380
21,376
49,376
33,380
26,380
4,370
23,357
41,370
2,370
50,370
7,370
46,376
26,370
13,370
19,371
6,371
25,380
26,370
32,357
32,357
33,371
46,370
46,370
54,371
2,371
35,371
40,368
25,371
4,371
32,371
20,371
1,368
7,371
35,371
4,368
50,369
33,371
31,374
18,357
21,368
21,368
34,368
28,369
22,374
35,374
41,374
12,374
20,374
44,357
28,368
38,368
38,369
35,369
10,369
40,369
9,374
26,374
40,369
1,369
11,369
26,369
30,372
28,372
24,372
34,372
6,372
28,372
12,368
46,368
27,372
14,16
13,670
16,750
8,640
10,614
2,286
7,661
4,704
4,28
1,136
2,109
7,586
3,586
6,741
1,748
15,736
1,748
9,748
11,748
1,747
8,750
13,748
2,748
2,748
7,750
4,668
2,748
5,741
15,704
1,708
5,743
2,671
4,710
7,708
5,663
7,750
1,611
3,583
4,589
4,589
4,589
4,589
4,591
4,591
4,589
4,589
4,660
2,748
3,111
